image_path,label,source,generator
corpora/aigc_bench_ext/images/CycleGAN/ood_0008406.jpg,1,aigc_bench_ext,CycleGAN
corpora/aigc_bench_ext/images/CycleGAN/ood_0008438.jpg,1,aigc_bench_ext,CycleGAN
corpora/aigc_bench_ext/images/CycleGAN/ood_0008470.jpg,1,aigc_bench_ext,CycleGAN
corpora/aigc_bench_ext/images/CycleGAN/ood_0008502.jpg,1,aigc_bench_ext,CycleGAN
corpora/aigc_bench_ext/images/CycleGAN/ood_0008534.jpg,1,aigc_bench_ext,CycleGAN
corpora/aigc_bench_ext/images/CycleGAN/ood_0008566.jpg,1,aigc_bench_ext,CycleGAN
corpora/aigc_bench_ext/images/CycleGAN/ood_0008598.jpg,1,aigc_bench_ext,CycleGAN
corpora/aigc_bench_ext/images/CycleGAN/ood_0008630.jpg,1,aigc_bench_ext,CycleGAN
corpora/aigc_bench_ext/images/CycleGAN/ood_0008662.jpg,1,aigc_bench_ext,CycleGAN
corpora/aigc_bench_ext/images/CycleGAN/ood_0008694.jpg,1,aigc_bench_ext,CycleGAN
corpora/aigc_bench_ext/images/CycleGAN/ood_0008726.jpg,1,aigc_bench_ext,CycleGAN
corpora/aigc_bench_ext/images/CycleGAN/ood_0008758.jpg,1,aigc_bench_ext,CycleGAN
corpora/aigc_bench_ext/images/CycleGAN/ood_0008790.jpg,1,aigc_bench_ext,CycleGAN
corpora/aigc_bench_ext/images/CycleGAN/ood_0008822.jpg,1,aigc_bench_ext,CycleGAN
corpora/aigc_bench_ext/images/CycleGAN/ood_0008854.jpg,1,aigc_bench_ext,CycleGAN
corpora/aigc_bench_ext/images/CycleGAN/ood_0008886.jpg,1,aigc_bench_ext,CycleGAN
corpora/aigc_bench_ext/images/CycleGAN/ood_0008918.jpg,1,aigc_bench_ext,CycleGAN
corpora/aigc_bench_ext/images/CycleGAN/ood_0008950.jpg,1,aigc_bench_ext,CycleGAN
corpora/aigc_bench_ext/images/CycleGAN/ood_0008982.jpg,1,aigc_bench_ext,CycleGAN
corpora/aigc_bench_ext/images/CycleGAN/ood_0009014.jpg,1,aigc_bench_ext,CycleGAN
corpora/aigc_bench_ext/images/CycleGAN/ood_0009046.jpg,1,aigc_bench_ext,CycleGAN
corpora/aigc_bench_ext/images/CycleGAN/ood_0009078.jpg,1,aigc_bench_ext,CycleGAN
corpora/aigc_bench_ext/images/CycleGAN/ood_0009110.jpg,1,aigc_bench_ext,CycleGAN
corpora/aigc_bench_ext/images/CycleGAN/ood_0009142.jpg,1,aigc_bench_ext,CycleGAN
corpora/aigc_bench_ext/images/CycleGAN/ood_0009174.jpg,1,aigc_bench_ext,CycleGAN
corpora/aigc_bench_ext/images/CycleGAN/ood_0009206.jpg,1,aigc_bench_ext,CycleGAN
corpora/aigc_bench_ext/images/CycleGAN/ood_0009238.jpg,1,aigc_bench_ext,CycleGAN
corpora/aigc_bench_ext/images/CycleGAN/ood_0009270.jpg,1,aigc_bench_ext,CycleGAN
corpora/aigc_bench_ext/images/CycleGAN/ood_0009302.jpg,1,aigc_bench_ext,CycleGAN
corpora/aigc_bench_ext/images/CycleGAN/ood_0009334.jpg,1,aigc_bench_ext,CycleGAN
corpora/aigc_bench_ext/images/CycleGAN/ood_0009366.jpg,1,aigc_bench_ext,CycleGAN
corpora/aigc_bench_ext/images/CycleGAN/ood_0009398.jpg,1,aigc_bench_ext,CycleGAN
corpora/aigc_bench_ext/images/CycleGAN/ood_0009430.jpg,1,aigc_bench_ext,CycleGAN
corpora/aigc_bench_ext/images/CycleGAN/ood_0009462.jpg,1,aigc_bench_ext,CycleGAN
corpora/aigc_bench_ext/images/CycleGAN/ood_0009494.jpg,1,aigc_bench_ext,CycleGAN
corpora/aigc_bench_ext/images/CycleGAN/ood_0009526.jpg,1,aigc_bench_ext,CycleGAN
corpora/aigc_bench_ext/images/CycleGAN/ood_0009558.jpg,1,aigc_bench_ext,CycleGAN
corpora/aigc_bench_ext/images/CycleGAN/ood_0009590.jpg,1,aigc_bench_ext,CycleGAN
corpora/aigc_bench_ext/images/CycleGAN/ood_0009622.jpg,1,aigc_bench_ext,CycleGAN
corpora/aigc_bench_ext/images/CycleGAN/ood_0009654.jpg,1,aigc_bench_ext,CycleGAN
corpora/aigc_bench_ext/images/CycleGAN/ood_0009686.jpg,1,aigc_bench_ext,CycleGAN
corpora/aigc_bench_ext/images/CycleGAN/ood_0009718.jpg,1,aigc_bench_ext,CycleGAN
corpora/aigc_bench_ext/images/CycleGAN/ood_0009750.jpg,1,aigc_bench_ext,CycleGAN
corpora/aigc_bench_ext/images/CycleGAN/ood_0009782.jpg,1,aigc_bench_ext,CycleGAN
corpora/aigc_bench_ext/images/CycleGAN/ood_0009814.jpg,1,aigc_bench_ext,CycleGAN
corpora/aigc_bench_ext/images/CycleGAN/ood_0009846.jpg,1,aigc_bench_ext,CycleGAN
corpora/aigc_bench_ext/images/CycleGAN/ood_0009878.jpg,1,aigc_bench_ext,CycleGAN
corpora/aigc_bench_ext/images/CycleGAN/ood_0009910.jpg,1,aigc_bench_ext,CycleGAN
corpora/aigc_bench_ext/images/CycleGAN/ood_0009942.jpg,1,aigc_bench_ext,CycleGAN
corpora/aigc_bench_ext/images/CycleGAN/ood_0009974.jpg,1,aigc_bench_ext,CycleGAN
corpora/aigc_bench_ext/images/CycleGAN/ood_0010006.jpg,1,aigc_bench_ext,CycleGAN
corpora/aigc_bench_ext/images/CycleGAN/ood_0010038.jpg,1,aigc_bench_ext,CycleGAN
corpora/aigc_bench_ext/images/CycleGAN/ood_0010070.jpg,1,aigc_bench_ext,CycleGAN
corpora/aigc_bench_ext/images/CycleGAN/ood_0010102.jpg,1,aigc_bench_ext,CycleGAN
corpora/aigc_bench_ext/images/CycleGAN/ood_0010134.jpg,1,aigc_bench_ext,CycleGAN
corpora/aigc_bench_ext/images/CycleGAN/ood_0010166.jpg,1,aigc_bench_ext,CycleGAN
corpora/aigc_bench_ext/images/CycleGAN/ood_0010198.jpg,1,aigc_bench_ext,CycleGAN
corpora/aigc_bench_ext/images/CycleGAN/ood_0010230.jpg,1,aigc_bench_ext,CycleGAN
corpora/aigc_bench_ext/images/CycleGAN/ood_0010262.jpg,1,aigc_bench_ext,CycleGAN
corpora/aigc_bench_ext/images/CycleGAN/ood_0010294.jpg,1,aigc_bench_ext,CycleGAN
corpora/aigc_bench_ext/images/CycleGAN/ood_0010326.jpg,1,aigc_bench_ext,CycleGAN
corpora/aigc_bench_ext/images/CycleGAN/ood_0010358.jpg,1,aigc_bench_ext,CycleGAN
corpora/aigc_bench_ext/images/CycleGAN/ood_0010390.jpg,1,aigc_bench_ext,CycleGAN
corpora/aigc_bench_ext/images/CycleGAN/ood_0010422.jpg,1,aigc_bench_ext,CycleGAN
corpora/aigc_bench_ext/images/CycleGAN/ood_0010454.jpg,1,aigc_bench_ext,CycleGAN
corpora/aigc_bench_ext/images/CycleGAN/ood_0010486.jpg,1,aigc_bench_ext,CycleGAN
corpora/aigc_bench_ext/images/CycleGAN/ood_0010518.jpg,1,aigc_bench_ext,CycleGAN
corpora/aigc_bench_ext/images/CycleGAN/ood_0010550.jpg,1,aigc_bench_ext,CycleGAN
corpora/aigc_bench_ext/images/CycleGAN/ood_0010582.jpg,1,aigc_bench_ext,CycleGAN
corpora/aigc_bench_ext/images/CycleGAN/ood_0010614.jpg,1,aigc_bench_ext,CycleGAN
corpora/aigc_bench_ext/images/CycleGAN/ood_0010646.jpg,1,aigc_bench_ext,CycleGAN
corpora/aigc_bench_ext/images/CycleGAN/ood_0010678.jpg,1,aigc_bench_ext,CycleGAN
corpora/aigc_bench_ext/images/CycleGAN/ood_0010710.jpg,1,aigc_bench_ext,CycleGAN
corpora/aigc_bench_ext/images/CycleGAN/ood_0010742.jpg,1,aigc_bench_ext,CycleGAN
corpora/aigc_bench_ext/images/CycleGAN/ood_0010774.jpg,1,aigc_bench_ext,CycleGAN
corpora/aigc_bench_ext/images/CycleGAN/ood_0010806.jpg,1,aigc_bench_ext,CycleGAN
corpora/aigc_bench_ext/images/CycleGAN/ood_0010838.jpg,1,aigc_bench_ext,CycleGAN
corpora/aigc_bench_ext/images/CycleGAN/ood_0010870.jpg,1,aigc_bench_ext,CycleGAN
corpora/aigc_bench_ext/images/CycleGAN/ood_0010902.jpg,1,aigc_bench_ext,CycleGAN
corpora/aigc_bench_ext/images/CycleGAN/ood_0010934.jpg,1,aigc_bench_ext,CycleGAN
corpora/aigc_bench_ext/images/CycleGAN/ood_0010966.jpg,1,aigc_bench_ext,CycleGAN
corpora/aigc_bench_ext/images/CycleGAN/ood_0010998.jpg,1,aigc_bench_ext,CycleGAN
corpora/aigc_bench_ext/images/CycleGAN/ood_0011030.jpg,1,aigc_bench_ext,CycleGAN
corpora/aigc_bench_ext/images/CycleGAN/ood_0011062.jpg,1,aigc_bench_ext,CycleGAN
corpora/aigc_bench_ext/images/CycleGAN/ood_0011094.jpg,1,aigc_bench_ext,CycleGAN
corpora/aigc_bench_ext/images/CycleGAN/ood_0011126.jpg,1,aigc_bench_ext,CycleGAN
corpora/aigc_bench_ext/images/CycleGAN/ood_0011158.jpg,1,aigc_bench_ext,CycleGAN
corpora/aigc_bench_ext/images/CycleGAN/ood_0011190.jpg,1,aigc_bench_ext,CycleGAN
corpora/aigc_bench_ext/images/CycleGAN/ood_0011222.jpg,1,aigc_bench_ext,CycleGAN
corpora/aigc_bench_ext/images/CycleGAN/ood_0011254.jpg,1,aigc_bench_ext,CycleGAN
corpora/aigc_bench_ext/images/CycleGAN/ood_0011286.jpg,1,aigc_bench_ext,CycleGAN
corpora/aigc_bench_ext/images/CycleGAN/ood_0011318.jpg,1,aigc_bench_ext,CycleGAN
corpora/aigc_bench_ext/images/CycleGAN/ood_0011350.jpg,1,aigc_bench_ext,CycleGAN
corpora/aigc_bench_ext/images/CycleGAN/ood_0011382.jpg,1,aigc_bench_ext,CycleGAN
corpora/aigc_bench_ext/images/CycleGAN/ood_0011414.jpg,1,aigc_bench_ext,CycleGAN
corpora/aigc_bench_ext/images/CycleGAN/ood_0011446.jpg,1,aigc_bench_ext,CycleGAN
corpora/aigc_bench_ext/images/CycleGAN/ood_0011478.jpg,1,aigc_bench_ext,CycleGAN
corpora/aigc_bench_ext/images/CycleGAN/ood_0011510.jpg,1,aigc_bench_ext,CycleGAN
corpora/aigc_bench_ext/images/CycleGAN/ood_0011542.jpg,1,aigc_bench_ext,CycleGAN
corpora/aigc_bench_ext/images/CycleGAN/ood_0011574.jpg,1,aigc_bench_ext,CycleGAN
corpora/aigc_bench_ext/images/CycleGAN/ood_0011606.jpg,1,aigc_bench_ext,CycleGAN
corpora/aigc_bench_ext/images/CycleGAN/ood_0011638.jpg,1,aigc_bench_ext,CycleGAN
corpora/aigc_bench_ext/images/CycleGAN/ood_0011670.jpg,1,aigc_bench_ext,CycleGAN
corpora/aigc_bench_ext/images/CycleGAN/ood_0011702.jpg,1,aigc_bench_ext,CycleGAN
corpora/aigc_bench_ext/images/CycleGAN/ood_0011734.jpg,1,aigc_bench_ext,CycleGAN
corpora/aigc_bench_ext/images/CycleGAN/ood_0011766.jpg,1,aigc_bench_ext,CycleGAN
corpora/aigc_bench_ext/images/CycleGAN/ood_0011798.jpg,1,aigc_bench_ext,CycleGAN
corpora/aigc_bench_ext/images/CycleGAN/ood_0011830.jpg,1,aigc_bench_ext,CycleGAN
corpora/aigc_bench_ext/images/CycleGAN/ood_0011862.jpg,1,aigc_bench_ext,CycleGAN
corpora/aigc_bench_ext/images/CycleGAN/ood_0011894.jpg,1,aigc_bench_ext,CycleGAN
corpora/aigc_bench_ext/images/CycleGAN/ood_0011926.jpg,1,aigc_bench_ext,CycleGAN
corpora/aigc_bench_ext/images/CycleGAN/ood_0011958.jpg,1,aigc_bench_ext,CycleGAN
corpora/aigc_bench_ext/images/CycleGAN/ood_0011990.jpg,1,aigc_bench_ext,CycleGAN
corpora/aigc_bench_ext/images/CycleGAN/ood_0012022.jpg,1,aigc_bench_ext,CycleGAN
corpora/aigc_bench_ext/images/CycleGAN/ood_0012054.jpg,1,aigc_bench_ext,CycleGAN
corpora/aigc_bench_ext/images/CycleGAN/ood_0012086.jpg,1,aigc_bench_ext,CycleGAN
corpora/aigc_bench_ext/images/CycleGAN/ood_0012118.jpg,1,aigc_bench_ext,CycleGAN
corpora/aigc_bench_ext/images/CycleGAN/ood_0012150.jpg,1,aigc_bench_ext,CycleGAN
corpora/aigc_bench_ext/images/CycleGAN/ood_0012182.jpg,1,aigc_bench_ext,CycleGAN
corpora/aigc_bench_ext/images/CycleGAN/ood_0012214.jpg,1,aigc_bench_ext,CycleGAN
corpora/aigc_bench_ext/images/CycleGAN/ood_0012246.jpg,1,aigc_bench_ext,CycleGAN
corpora/aigc_bench_ext/images/CycleGAN/ood_0012278.jpg,1,aigc_bench_ext,CycleGAN
corpora/aigc_bench_ext/images/CycleGAN/ood_0012310.jpg,1,aigc_bench_ext,CycleGAN
corpora/aigc_bench_ext/images/CycleGAN/ood_0012342.jpg,1,aigc_bench_ext,CycleGAN
corpora/aigc_bench_ext/images/CycleGAN/ood_0012374.jpg,1,aigc_bench_ext,CycleGAN
corpora/aigc_bench_ext/images/CycleGAN/ood_0012406.jpg,1,aigc_bench_ext,CycleGAN
corpora/aigc_bench_ext/images/CycleGAN/ood_0012438.jpg,1,aigc_bench_ext,CycleGAN
corpora/aigc_bench_ext/images/CycleGAN/ood_0012470.jpg,1,aigc_bench_ext,CycleGAN
corpora/aigc_bench_ext/images/CycleGAN/ood_0012502.jpg,1,aigc_bench_ext,CycleGAN
corpora/aigc_bench_ext/images/CycleGAN/ood_0012534.jpg,1,aigc_bench_ext,CycleGAN
corpora/aigc_bench_ext/images/CycleGAN/ood_0012566.jpg,1,aigc_bench_ext,CycleGAN
corpora/aigc_bench_ext/images/CycleGAN/ood_0012598.jpg,1,aigc_bench_ext,CycleGAN
corpora/aigc_bench_ext/images/CycleGAN/ood_0012630.jpg,1,aigc_bench_ext,CycleGAN
corpora/aigc_bench_ext/images/CycleGAN/ood_0012662.jpg,1,aigc_bench_ext,CycleGAN
corpora/aigc_bench_ext/images/CycleGAN/ood_0012694.jpg,1,aigc_bench_ext,CycleGAN
corpora/aigc_bench_ext/images/CycleGAN/ood_0012726.jpg,1,aigc_bench_ext,CycleGAN
corpora/aigc_bench_ext/images/CycleGAN/ood_0012758.jpg,1,aigc_bench_ext,CycleGAN
corpora/aigc_bench_ext/images/CycleGAN/ood_0012790.jpg,1,aigc_bench_ext,CycleGAN
corpora/aigc_bench_ext/images/CycleGAN/ood_0012822.jpg,1,aigc_bench_ext,CycleGAN
corpora/aigc_bench_ext/images/CycleGAN/ood_0012854.jpg,1,aigc_bench_ext,CycleGAN
corpora/aigc_bench_ext/images/CycleGAN/ood_0012886.jpg,1,aigc_bench_ext,CycleGAN
corpora/aigc_bench_ext/images/CycleGAN/ood_0012918.jpg,1,aigc_bench_ext,CycleGAN
corpora/aigc_bench_ext/images/CycleGAN/ood_0012950.jpg,1,aigc_bench_ext,CycleGAN
corpora/aigc_bench_ext/images/CycleGAN/ood_0012982.jpg,1,aigc_bench_ext,CycleGAN
corpora/aigc_bench_ext/images/CycleGAN/ood_0013014.jpg,1,aigc_bench_ext,CycleGAN
corpora/aigc_bench_ext/images/CycleGAN/ood_0013046.jpg,1,aigc_bench_ext,CycleGAN
corpora/aigc_bench_ext/images/CycleGAN/ood_0013078.jpg,1,aigc_bench_ext,CycleGAN
corpora/aigc_bench_ext/images/CycleGAN/ood_0013110.jpg,1,aigc_bench_ext,CycleGAN
corpora/aigc_bench_ext/images/CycleGAN/ood_0013142.jpg,1,aigc_bench_ext,CycleGAN
corpora/aigc_bench_ext/images/CycleGAN/ood_0013174.jpg,1,aigc_bench_ext,CycleGAN
corpora/aigc_bench_ext/images/CycleGAN/ood_0013206.jpg,1,aigc_bench_ext,CycleGAN
corpora/aigc_bench_ext/images/CycleGAN/ood_0013238.jpg,1,aigc_bench_ext,CycleGAN
corpora/aigc_bench_ext/images/CycleGAN/ood_0013270.jpg,1,aigc_bench_ext,CycleGAN
corpora/aigc_bench_ext/images/CycleGAN/ood_0013302.jpg,1,aigc_bench_ext,CycleGAN
corpora/aigc_bench_ext/images/CycleGAN/ood_0013334.jpg,1,aigc_bench_ext,CycleGAN
corpora/aigc_bench_ext/images/CycleGAN/ood_0013366.jpg,1,aigc_bench_ext,CycleGAN
corpora/aigc_bench_ext/images/CycleGAN/ood_0013398.jpg,1,aigc_bench_ext,CycleGAN
corpora/aigc_bench_ext/images/CycleGAN/ood_0013430.jpg,1,aigc_bench_ext,CycleGAN
corpora/aigc_bench_ext/images/CycleGAN/ood_0013462.jpg,1,aigc_bench_ext,CycleGAN
corpora/aigc_bench_ext/images/CycleGAN/ood_0013494.jpg,1,aigc_bench_ext,CycleGAN
corpora/aigc_bench_ext/images/CycleGAN/ood_0013526.jpg,1,aigc_bench_ext,CycleGAN
corpora/aigc_bench_ext/images/CycleGAN/ood_0013558.jpg,1,aigc_bench_ext,CycleGAN
corpora/aigc_bench_ext/images/CycleGAN/ood_0013590.jpg,1,aigc_bench_ext,CycleGAN
corpora/aigc_bench_ext/images/CycleGAN/ood_0013622.jpg,1,aigc_bench_ext,CycleGAN
corpora/aigc_bench_ext/images/CycleGAN/ood_0013654.jpg,1,aigc_bench_ext,CycleGAN
corpora/aigc_bench_ext/images/CycleGAN/ood_0013686.jpg,1,aigc_bench_ext,CycleGAN
corpora/aigc_bench_ext/images/CycleGAN/ood_0013718.jpg,1,aigc_bench_ext,CycleGAN
corpora/aigc_bench_ext/images/CycleGAN/ood_0013750.jpg,1,aigc_bench_ext,CycleGAN
corpora/aigc_bench_ext/images/CycleGAN/ood_0013782.jpg,1,aigc_bench_ext,CycleGAN
corpora/aigc_bench_ext/images/CycleGAN/ood_0013814.jpg,1,aigc_bench_ext,CycleGAN
corpora/aigc_bench_ext/images/CycleGAN/ood_0013846.jpg,1,aigc_bench_ext,CycleGAN
corpora/aigc_bench_ext/images/CycleGAN/ood_0013878.jpg,1,aigc_bench_ext,CycleGAN
corpora/aigc_bench_ext/images/CycleGAN/ood_0013910.jpg,1,aigc_bench_ext,CycleGAN
corpora/aigc_bench_ext/images/CycleGAN/ood_0013942.jpg,1,aigc_bench_ext,CycleGAN
corpora/aigc_bench_ext/images/CycleGAN/ood_0013974.jpg,1,aigc_bench_ext,CycleGAN
corpora/aigc_bench_ext/images/CycleGAN/ood_0014006.jpg,1,aigc_bench_ext,CycleGAN
corpora/aigc_bench_ext/images/CycleGAN/ood_0014038.jpg,1,aigc_bench_ext,CycleGAN
corpora/aigc_bench_ext/images/CycleGAN/ood_0014070.jpg,1,aigc_bench_ext,CycleGAN
corpora/aigc_bench_ext/images/CycleGAN/ood_0014102.jpg,1,aigc_bench_ext,CycleGAN
corpora/aigc_bench_ext/images/CycleGAN/ood_0014134.jpg,1,aigc_bench_ext,CycleGAN
corpora/aigc_bench_ext/images/CycleGAN/ood_0014166.jpg,1,aigc_bench_ext,CycleGAN
corpora/aigc_bench_ext/images/CycleGAN/ood_0014198.jpg,1,aigc_bench_ext,CycleGAN
corpora/aigc_bench_ext/images/CycleGAN/ood_0014230.jpg,1,aigc_bench_ext,CycleGAN
corpora/aigc_bench_ext/images/CycleGAN/ood_0014262.jpg,1,aigc_bench_ext,CycleGAN
corpora/aigc_bench_ext/images/CycleGAN/ood_0014294.jpg,1,aigc_bench_ext,CycleGAN
corpora/aigc_bench_ext/images/CycleGAN/ood_0014326.jpg,1,aigc_bench_ext,CycleGAN
corpora/aigc_bench_ext/images/CycleGAN/ood_0014358.jpg,1,aigc_bench_ext,CycleGAN
corpora/aigc_bench_ext/images/CycleGAN/ood_0014390.jpg,1,aigc_bench_ext,CycleGAN
corpora/aigc_bench_ext/images/CycleGAN/ood_0014422.jpg,1,aigc_bench_ext,CycleGAN
corpora/aigc_bench_ext/images/CycleGAN/ood_0014454.jpg,1,aigc_bench_ext,CycleGAN
corpora/aigc_bench_ext/images/CycleGAN/ood_0014486.jpg,1,aigc_bench_ext,CycleGAN
corpora/aigc_bench_ext/images/CycleGAN/ood_0014518.jpg,1,aigc_bench_ext,CycleGAN
corpora/aigc_bench_ext/images/CycleGAN/ood_0014550.jpg,1,aigc_bench_ext,CycleGAN
corpora/aigc_bench_ext/images/CycleGAN/ood_0014582.jpg,1,aigc_bench_ext,CycleGAN
corpora/aigc_bench_ext/images/CycleGAN/ood_0014614.jpg,1,aigc_bench_ext,CycleGAN
corpora/aigc_bench_ext/images/CycleGAN/ood_0014646.jpg,1,aigc_bench_ext,CycleGAN
corpora/aigc_bench_ext/images/CycleGAN/ood_0014678.jpg,1,aigc_bench_ext,CycleGAN
corpora/aigc_bench_ext/images/CycleGAN/ood_0014710.jpg,1,aigc_bench_ext,CycleGAN
corpora/aigc_bench_ext/images/CycleGAN/ood_0014742.jpg,1,aigc_bench_ext,CycleGAN
corpora/aigc_bench_ext/images/CycleGAN/ood_0014774.jpg,1,aigc_bench_ext,CycleGAN
corpora/aigc_bench_ext/images/CycleGAN/ood_0014806.jpg,1,aigc_bench_ext,CycleGAN
corpora/aigc_bench_ext/images/CycleGAN/ood_0014838.jpg,1,aigc_bench_ext,CycleGAN
corpora/aigc_bench_ext/images/CycleGAN/ood_0014870.jpg,1,aigc_bench_ext,CycleGAN
corpora/aigc_bench_ext/images/CycleGAN/ood_0014902.jpg,1,aigc_bench_ext,CycleGAN
corpora/aigc_bench_ext/images/CycleGAN/ood_0014934.jpg,1,aigc_bench_ext,CycleGAN
corpora/aigc_bench_ext/images/CycleGAN/ood_0014966.jpg,1,aigc_bench_ext,CycleGAN
corpora/aigc_bench_ext/images/CycleGAN/ood_0014998.jpg,1,aigc_bench_ext,CycleGAN
corpora/aigc_bench_ext/images/CycleGAN/ood_0015030.jpg,1,aigc_bench_ext,CycleGAN
corpora/aigc_bench_ext/images/CycleGAN/ood_0015062.jpg,1,aigc_bench_ext,CycleGAN
corpora/aigc_bench_ext/images/CycleGAN/ood_0015094.jpg,1,aigc_bench_ext,CycleGAN
corpora/aigc_bench_ext/images/CycleGAN/ood_0015126.jpg,1,aigc_bench_ext,CycleGAN
corpora/aigc_bench_ext/images/CycleGAN/ood_0015158.jpg,1,aigc_bench_ext,CycleGAN
corpora/aigc_bench_ext/images/CycleGAN/ood_0015190.jpg,1,aigc_bench_ext,CycleGAN
corpora/aigc_bench_ext/images/CycleGAN/ood_0015222.jpg,1,aigc_bench_ext,CycleGAN
corpora/aigc_bench_ext/images/CycleGAN/ood_0015254.jpg,1,aigc_bench_ext,CycleGAN
corpora/aigc_bench_ext/images/CycleGAN/ood_0015286.jpg,1,aigc_bench_ext,CycleGAN
corpora/aigc_bench_ext/images/CycleGAN/ood_0015318.jpg,1,aigc_bench_ext,CycleGAN
corpora/aigc_bench_ext/images/CycleGAN/ood_0015350.jpg,1,aigc_bench_ext,CycleGAN
corpora/aigc_bench_ext/images/CycleGAN/ood_0015382.jpg,1,aigc_bench_ext,CycleGAN
corpora/aigc_bench_ext/images/CycleGAN/ood_0015414.jpg,1,aigc_bench_ext,CycleGAN
corpora/aigc_bench_ext/images/CycleGAN/ood_0015446.jpg,1,aigc_bench_ext,CycleGAN
corpora/aigc_bench_ext/images/CycleGAN/ood_0015478.jpg,1,aigc_bench_ext,CycleGAN
corpora/aigc_bench_ext/images/CycleGAN/ood_0015510.jpg,1,aigc_bench_ext,CycleGAN
corpora/aigc_bench_ext/images/CycleGAN/ood_0015542.jpg,1,aigc_bench_ext,CycleGAN
corpora/aigc_bench_ext/images/CycleGAN/ood_0015574.jpg,1,aigc_bench_ext,CycleGAN
corpora/aigc_bench_ext/images/CycleGAN/ood_0015606.jpg,1,aigc_bench_ext,CycleGAN
corpora/aigc_bench_ext/images/CycleGAN/ood_0015638.jpg,1,aigc_bench_ext,CycleGAN
corpora/aigc_bench_ext/images/CycleGAN/ood_0015670.jpg,1,aigc_bench_ext,CycleGAN
corpora/aigc_bench_ext/images/CycleGAN/ood_0015702.jpg,1,aigc_bench_ext,CycleGAN
corpora/aigc_bench_ext/images/CycleGAN/ood_0015734.jpg,1,aigc_bench_ext,CycleGAN
corpora/aigc_bench_ext/images/CycleGAN/ood_0015766.jpg,1,aigc_bench_ext,CycleGAN
corpora/aigc_bench_ext/images/CycleGAN/ood_0015798.jpg,1,aigc_bench_ext,CycleGAN
corpora/aigc_bench_ext/images/CycleGAN/ood_0015830.jpg,1,aigc_bench_ext,CycleGAN
corpora/aigc_bench_ext/images/CycleGAN/ood_0015862.jpg,1,aigc_bench_ext,CycleGAN
corpora/aigc_bench_ext/images/CycleGAN/ood_0015894.jpg,1,aigc_bench_ext,CycleGAN
corpora/aigc_bench_ext/images/CycleGAN/ood_0015926.jpg,1,aigc_bench_ext,CycleGAN
corpora/aigc_bench_ext/images/CycleGAN/ood_0015958.jpg,1,aigc_bench_ext,CycleGAN
corpora/aigc_bench_ext/images/CycleGAN/ood_0015990.jpg,1,aigc_bench_ext,CycleGAN
corpora/aigc_bench_ext/images/CycleGAN/ood_0016022.jpg,1,aigc_bench_ext,CycleGAN
corpora/aigc_bench_ext/images/CycleGAN/ood_0016054.jpg,1,aigc_bench_ext,CycleGAN
corpora/aigc_bench_ext/images/CycleGAN/ood_0016086.jpg,1,aigc_bench_ext,CycleGAN
corpora/aigc_bench_ext/images/CycleGAN/ood_0016118.jpg,1,aigc_bench_ext,CycleGAN
corpora/aigc_bench_ext/images/CycleGAN/ood_0016150.jpg,1,aigc_bench_ext,CycleGAN
corpora/aigc_bench_ext/images/CycleGAN/ood_0016182.jpg,1,aigc_bench_ext,CycleGAN
corpora/aigc_bench_ext/images/CycleGAN/ood_0016214.jpg,1,aigc_bench_ext,CycleGAN
corpora/aigc_bench_ext/images/CycleGAN/ood_0016246.jpg,1,aigc_bench_ext,CycleGAN
corpora/aigc_bench_ext/images/CycleGAN/ood_0016278.jpg,1,aigc_bench_ext,CycleGAN
corpora/aigc_bench_ext/images/CycleGAN/ood_0016310.jpg,1,aigc_bench_ext,CycleGAN
corpora/aigc_bench_ext/images/CycleGAN/ood_0016342.jpg,1,aigc_bench_ext,CycleGAN
corpora/aigc_bench_ext/images/CycleGAN/ood_0016374.jpg,1,aigc_bench_ext,CycleGAN
corpora/aigc_bench_ext/images/CycleGAN/ood_0016406.jpg,1,aigc_bench_ext,CycleGAN
corpora/aigc_bench_ext/images/CycleGAN/ood_0016438.jpg,1,aigc_bench_ext,CycleGAN
corpora/aigc_bench_ext/images/CycleGAN/ood_0016470.jpg,1,aigc_bench_ext,CycleGAN
corpora/aigc_bench_ext/images/CycleGAN/ood_0016502.jpg,1,aigc_bench_ext,CycleGAN
corpora/aigc_bench_ext/images/CycleGAN/ood_0016534.jpg,1,aigc_bench_ext,CycleGAN
corpora/aigc_bench_ext/images/CycleGAN/ood_0016566.jpg,1,aigc_bench_ext,CycleGAN
corpora/aigc_bench_ext/images/CycleGAN/ood_0016598.jpg,1,aigc_bench_ext,CycleGAN
corpora/aigc_bench_ext/images/CycleGAN/ood_0016630.jpg,1,aigc_bench_ext,CycleGAN
corpora/aigc_bench_ext/images/CycleGAN/ood_0016662.jpg,1,aigc_bench_ext,CycleGAN
corpora/aigc_bench_ext/images/CycleGAN/ood_0016694.jpg,1,aigc_bench_ext,CycleGAN
corpora/aigc_bench_ext/images/CycleGAN/ood_0016726.jpg,1,aigc_bench_ext,CycleGAN
corpora/aigc_bench_ext/images/CycleGAN/ood_0016758.jpg,1,aigc_bench_ext,CycleGAN
corpora/aigc_bench_ext/images/CycleGAN/ood_0016790.jpg,1,aigc_bench_ext,CycleGAN
corpora/aigc_bench_ext/images/CycleGAN/ood_0016822.jpg,1,aigc_bench_ext,CycleGAN
corpora/aigc_bench_ext/images/CycleGAN/ood_0016854.jpg,1,aigc_bench_ext,CycleGAN
corpora/aigc_bench_ext/images/CycleGAN/ood_0016886.jpg,1,aigc_bench_ext,CycleGAN
corpora/aigc_bench_ext/images/CycleGAN/ood_0016918.jpg,1,aigc_bench_ext,CycleGAN
corpora/aigc_bench_ext/images/CycleGAN/ood_0016950.jpg,1,aigc_bench_ext,CycleGAN
corpora/aigc_bench_ext/images/CycleGAN/ood_0016982.jpg,1,aigc_bench_ext,CycleGAN
corpora/aigc_bench_ext/images/CycleGAN/ood_0017014.jpg,1,aigc_bench_ext,CycleGAN
corpora/aigc_bench_ext/images/CycleGAN/ood_0017046.jpg,1,aigc_bench_ext,CycleGAN
corpora/aigc_bench_ext/images/CycleGAN/ood_0017078.jpg,1,aigc_bench_ext,CycleGAN
corpora/aigc_bench_ext/images/CycleGAN/ood_0017110.jpg,1,aigc_bench_ext,CycleGAN
corpora/aigc_bench_ext/images/CycleGAN/ood_0017142.jpg,1,aigc_bench_ext,CycleGAN
corpora/aigc_bench_ext/images/CycleGAN/ood_0017174.jpg,1,aigc_bench_ext,CycleGAN
corpora/aigc_bench_ext/images/CycleGAN/ood_0017206.jpg,1,aigc_bench_ext,CycleGAN
corpora/aigc_bench_ext/images/CycleGAN/ood_0017238.jpg,1,aigc_bench_ext,CycleGAN
corpora/aigc_bench_ext/images/CycleGAN/ood_0017270.jpg,1,aigc_bench_ext,CycleGAN
corpora/aigc_bench_ext/images/CycleGAN/ood_0017302.jpg,1,aigc_bench_ext,CycleGAN
corpora/aigc_bench_ext/images/CycleGAN/ood_0017334.jpg,1,aigc_bench_ext,CycleGAN
corpora/aigc_bench_ext/images/CycleGAN/ood_0017366.jpg,1,aigc_bench_ext,CycleGAN
corpora/aigc_bench_ext/images/CycleGAN/ood_0017398.jpg,1,aigc_bench_ext,CycleGAN
corpora/aigc_bench_ext/images/CycleGAN/ood_0017430.jpg,1,aigc_bench_ext,CycleGAN
corpora/aigc_bench_ext/images/CycleGAN/ood_0017462.jpg,1,aigc_bench_ext,CycleGAN
corpora/aigc_bench_ext/images/CycleGAN/ood_0017494.jpg,1,aigc_bench_ext,CycleGAN
corpora/aigc_bench_ext/images/CycleGAN/ood_0017526.jpg,1,aigc_bench_ext,CycleGAN
corpora/aigc_bench_ext/images/CycleGAN/ood_0017558.jpg,1,aigc_bench_ext,CycleGAN
corpora/aigc_bench_ext/images/CycleGAN/ood_0017590.jpg,1,aigc_bench_ext,CycleGAN
corpora/aigc_bench_ext/images/CycleGAN/ood_0017622.jpg,1,aigc_bench_ext,CycleGAN
corpora/aigc_bench_ext/images/CycleGAN/ood_0017654.jpg,1,aigc_bench_ext,CycleGAN
corpora/aigc_bench_ext/images/CycleGAN/ood_0017686.jpg,1,aigc_bench_ext,CycleGAN
corpora/aigc_bench_ext/images/CycleGAN/ood_0017718.jpg,1,aigc_bench_ext,CycleGAN
corpora/aigc_bench_ext/images/CycleGAN/ood_0017750.jpg,1,aigc_bench_ext,CycleGAN
corpora/aigc_bench_ext/images/CycleGAN/ood_0017782.jpg,1,aigc_bench_ext,CycleGAN
corpora/aigc_bench_ext/images/CycleGAN/ood_0017814.jpg,1,aigc_bench_ext,CycleGAN
corpora/aigc_bench_ext/images/CycleGAN/ood_0017846.jpg,1,aigc_bench_ext,CycleGAN
corpora/aigc_bench_ext/images/CycleGAN/ood_0017878.jpg,1,aigc_bench_ext,CycleGAN
corpora/aigc_bench_ext/images/CycleGAN/ood_0017910.jpg,1,aigc_bench_ext,CycleGAN
corpora/aigc_bench_ext/images/CycleGAN/ood_0017942.jpg,1,aigc_bench_ext,CycleGAN
corpora/aigc_bench_ext/images/CycleGAN/ood_0017974.jpg,1,aigc_bench_ext,CycleGAN
corpora/aigc_bench_ext/images/CycleGAN/ood_0018006.jpg,1,aigc_bench_ext,CycleGAN
corpora/aigc_bench_ext/images/CycleGAN/ood_0018038.jpg,1,aigc_bench_ext,CycleGAN
corpora/aigc_bench_ext/images/CycleGAN/ood_0018070.jpg,1,aigc_bench_ext,CycleGAN
corpora/aigc_bench_ext/images/CycleGAN/ood_0018102.jpg,1,aigc_bench_ext,CycleGAN
corpora/aigc_bench_ext/images/CycleGAN/ood_0018134.jpg,1,aigc_bench_ext,CycleGAN
corpora/aigc_bench_ext/images/CycleGAN/ood_0018166.jpg,1,aigc_bench_ext,CycleGAN
corpora/aigc_bench_ext/images/CycleGAN/ood_0018198.jpg,1,aigc_bench_ext,CycleGAN
corpora/aigc_bench_ext/images/CycleGAN/ood_0018230.jpg,1,aigc_bench_ext,CycleGAN
corpora/aigc_bench_ext/images/CycleGAN/ood_0018262.jpg,1,aigc_bench_ext,CycleGAN
corpora/aigc_bench_ext/images/CycleGAN/ood_0018294.jpg,1,aigc_bench_ext,CycleGAN
corpora/aigc_bench_ext/images/CycleGAN/ood_0018326.jpg,1,aigc_bench_ext,CycleGAN
corpora/aigc_bench_ext/images/CycleGAN/ood_0018358.jpg,1,aigc_bench_ext,CycleGAN
corpora/aigc_bench_ext/images/CycleGAN/ood_0018390.jpg,1,aigc_bench_ext,CycleGAN
corpora/aigc_bench_ext/images/CycleGAN/ood_0018422.jpg,1,aigc_bench_ext,CycleGAN
corpora/aigc_bench_ext/images/CycleGAN/ood_0018454.jpg,1,aigc_bench_ext,CycleGAN
corpora/aigc_bench_ext/images/CycleGAN/ood_0018486.jpg,1,aigc_bench_ext,CycleGAN
corpora/aigc_bench_ext/images/CycleGAN/ood_0018518.jpg,1,aigc_bench_ext,CycleGAN
corpora/aigc_bench_ext/images/CycleGAN/ood_0018550.jpg,1,aigc_bench_ext,CycleGAN
corpora/aigc_bench_ext/images/CycleGAN/ood_0018582.jpg,1,aigc_bench_ext,CycleGAN
corpora/aigc_bench_ext/images/CycleGAN/ood_0018614.jpg,1,aigc_bench_ext,CycleGAN
corpora/aigc_bench_ext/images/CycleGAN/ood_0018646.jpg,1,aigc_bench_ext,CycleGAN
corpora/aigc_bench_ext/images/CycleGAN/ood_0018678.jpg,1,aigc_bench_ext,CycleGAN
corpora/aigc_bench_ext/images/CycleGAN/ood_0018710.jpg,1,aigc_bench_ext,CycleGAN
corpora/aigc_bench_ext/images/CycleGAN/ood_0018742.jpg,1,aigc_bench_ext,CycleGAN
corpora/aigc_bench_ext/images/DALLE2/ood_0008408.jpg,1,aigc_bench_ext,DALLE2
corpora/aigc_bench_ext/images/DALLE2/ood_0008440.jpg,1,aigc_bench_ext,DALLE2
corpora/aigc_bench_ext/images/DALLE2/ood_0008472.jpg,1,aigc_bench_ext,DALLE2
corpora/aigc_bench_ext/images/DALLE2/ood_0008504.jpg,1,aigc_bench_ext,DALLE2
corpora/aigc_bench_ext/images/DALLE2/ood_0008536.jpg,1,aigc_bench_ext,DALLE2
corpora/aigc_bench_ext/images/DALLE2/ood_0008568.jpg,1,aigc_bench_ext,DALLE2
corpora/aigc_bench_ext/images/DALLE2/ood_0008600.jpg,1,aigc_bench_ext,DALLE2
corpora/aigc_bench_ext/images/DALLE2/ood_0008632.jpg,1,aigc_bench_ext,DALLE2
corpora/aigc_bench_ext/images/DALLE2/ood_0008664.jpg,1,aigc_bench_ext,DALLE2
corpora/aigc_bench_ext/images/DALLE2/ood_0008696.jpg,1,aigc_bench_ext,DALLE2
corpora/aigc_bench_ext/images/DALLE2/ood_0008728.jpg,1,aigc_bench_ext,DALLE2
corpora/aigc_bench_ext/images/DALLE2/ood_0008760.jpg,1,aigc_bench_ext,DALLE2
corpora/aigc_bench_ext/images/DALLE2/ood_0008792.jpg,1,aigc_bench_ext,DALLE2
corpora/aigc_bench_ext/images/DALLE2/ood_0008824.jpg,1,aigc_bench_ext,DALLE2
corpora/aigc_bench_ext/images/DALLE2/ood_0008856.jpg,1,aigc_bench_ext,DALLE2
corpora/aigc_bench_ext/images/DALLE2/ood_0008888.jpg,1,aigc_bench_ext,DALLE2
corpora/aigc_bench_ext/images/DALLE2/ood_0008920.jpg,1,aigc_bench_ext,DALLE2
corpora/aigc_bench_ext/images/DALLE2/ood_0008952.jpg,1,aigc_bench_ext,DALLE2
corpora/aigc_bench_ext/images/DALLE2/ood_0008984.jpg,1,aigc_bench_ext,DALLE2
corpora/aigc_bench_ext/images/DALLE2/ood_0009016.jpg,1,aigc_bench_ext,DALLE2
corpora/aigc_bench_ext/images/DALLE2/ood_0009048.jpg,1,aigc_bench_ext,DALLE2
corpora/aigc_bench_ext/images/DALLE2/ood_0009080.jpg,1,aigc_bench_ext,DALLE2
corpora/aigc_bench_ext/images/DALLE2/ood_0009112.jpg,1,aigc_bench_ext,DALLE2
corpora/aigc_bench_ext/images/DALLE2/ood_0009144.jpg,1,aigc_bench_ext,DALLE2
corpora/aigc_bench_ext/images/DALLE2/ood_0009176.jpg,1,aigc_bench_ext,DALLE2
corpora/aigc_bench_ext/images/DALLE2/ood_0009208.jpg,1,aigc_bench_ext,DALLE2
corpora/aigc_bench_ext/images/DALLE2/ood_0009240.jpg,1,aigc_bench_ext,DALLE2
corpora/aigc_bench_ext/images/DALLE2/ood_0009272.jpg,1,aigc_bench_ext,DALLE2
corpora/aigc_bench_ext/images/DALLE2/ood_0009304.jpg,1,aigc_bench_ext,DALLE2
corpora/aigc_bench_ext/images/DALLE2/ood_0009336.jpg,1,aigc_bench_ext,DALLE2
corpora/aigc_bench_ext/images/DALLE2/ood_0009368.jpg,1,aigc_bench_ext,DALLE2
corpora/aigc_bench_ext/images/DALLE2/ood_0009400.jpg,1,aigc_bench_ext,DALLE2
corpora/aigc_bench_ext/images/DALLE2/ood_0009432.jpg,1,aigc_bench_ext,DALLE2
corpora/aigc_bench_ext/images/DALLE2/ood_0009464.jpg,1,aigc_bench_ext,DALLE2
corpora/aigc_bench_ext/images/DALLE2/ood_0009496.jpg,1,aigc_bench_ext,DALLE2
corpora/aigc_bench_ext/images/DALLE2/ood_0009528.jpg,1,aigc_bench_ext,DALLE2
corpora/aigc_bench_ext/images/DALLE2/ood_0009560.jpg,1,aigc_bench_ext,DALLE2
corpora/aigc_bench_ext/images/DALLE2/ood_0009592.jpg,1,aigc_bench_ext,DALLE2
corpora/aigc_bench_ext/images/DALLE2/ood_0009624.jpg,1,aigc_bench_ext,DALLE2
corpora/aigc_bench_ext/images/DALLE2/ood_0009656.jpg,1,aigc_bench_ext,DALLE2
corpora/aigc_bench_ext/images/DALLE2/ood_0009688.jpg,1,aigc_bench_ext,DALLE2
corpora/aigc_bench_ext/images/DALLE2/ood_0009720.jpg,1,aigc_bench_ext,DALLE2
corpora/aigc_bench_ext/images/DALLE2/ood_0009752.jpg,1,aigc_bench_ext,DALLE2
corpora/aigc_bench_ext/images/DALLE2/ood_0009784.jpg,1,aigc_bench_ext,DALLE2
corpora/aigc_bench_ext/images/DALLE2/ood_0009816.jpg,1,aigc_bench_ext,DALLE2
corpora/aigc_bench_ext/images/DALLE2/ood_0009848.jpg,1,aigc_bench_ext,DALLE2
corpora/aigc_bench_ext/images/DALLE2/ood_0009880.jpg,1,aigc_bench_ext,DALLE2
corpora/aigc_bench_ext/images/DALLE2/ood_0009912.jpg,1,aigc_bench_ext,DALLE2
corpora/aigc_bench_ext/images/DALLE2/ood_0009944.jpg,1,aigc_bench_ext,DALLE2
corpora/aigc_bench_ext/images/DALLE2/ood_0009976.jpg,1,aigc_bench_ext,DALLE2
corpora/aigc_bench_ext/images/DALLE2/ood_0010008.jpg,1,aigc_bench_ext,DALLE2
corpora/aigc_bench_ext/images/DALLE2/ood_0010040.jpg,1,aigc_bench_ext,DALLE2
corpora/aigc_bench_ext/images/DALLE2/ood_0010072.jpg,1,aigc_bench_ext,DALLE2
corpora/aigc_bench_ext/images/DALLE2/ood_0010104.jpg,1,aigc_bench_ext,DALLE2
corpora/aigc_bench_ext/images/DALLE2/ood_0010136.jpg,1,aigc_bench_ext,DALLE2
corpora/aigc_bench_ext/images/DALLE2/ood_0010168.jpg,1,aigc_bench_ext,DALLE2
corpora/aigc_bench_ext/images/DALLE2/ood_0010200.jpg,1,aigc_bench_ext,DALLE2
corpora/aigc_bench_ext/images/DALLE2/ood_0010232.jpg,1,aigc_bench_ext,DALLE2
corpora/aigc_bench_ext/images/DALLE2/ood_0010264.jpg,1,aigc_bench_ext,DALLE2
corpora/aigc_bench_ext/images/DALLE2/ood_0010296.jpg,1,aigc_bench_ext,DALLE2
corpora/aigc_bench_ext/images/DALLE2/ood_0010328.jpg,1,aigc_bench_ext,DALLE2
corpora/aigc_bench_ext/images/DALLE2/ood_0010360.jpg,1,aigc_bench_ext,DALLE2
corpora/aigc_bench_ext/images/DALLE2/ood_0010392.jpg,1,aigc_bench_ext,DALLE2
corpora/aigc_bench_ext/images/DALLE2/ood_0010424.jpg,1,aigc_bench_ext,DALLE2
corpora/aigc_bench_ext/images/DALLE2/ood_0010456.jpg,1,aigc_bench_ext,DALLE2
corpora/aigc_bench_ext/images/DALLE2/ood_0010488.jpg,1,aigc_bench_ext,DALLE2
corpora/aigc_bench_ext/images/DALLE2/ood_0010520.jpg,1,aigc_bench_ext,DALLE2
corpora/aigc_bench_ext/images/DALLE2/ood_0010552.jpg,1,aigc_bench_ext,DALLE2
corpora/aigc_bench_ext/images/DALLE2/ood_0010584.jpg,1,aigc_bench_ext,DALLE2
corpora/aigc_bench_ext/images/DALLE2/ood_0010616.jpg,1,aigc_bench_ext,DALLE2
corpora/aigc_bench_ext/images/DALLE2/ood_0010648.jpg,1,aigc_bench_ext,DALLE2
corpora/aigc_bench_ext/images/DALLE2/ood_0010680.jpg,1,aigc_bench_ext,DALLE2
corpora/aigc_bench_ext/images/DALLE2/ood_0010712.jpg,1,aigc_bench_ext,DALLE2
corpora/aigc_bench_ext/images/DALLE2/ood_0010744.jpg,1,aigc_bench_ext,DALLE2
corpora/aigc_bench_ext/images/DALLE2/ood_0010776.jpg,1,aigc_bench_ext,DALLE2
corpora/aigc_bench_ext/images/DALLE2/ood_0010808.jpg,1,aigc_bench_ext,DALLE2
corpora/aigc_bench_ext/images/DALLE2/ood_0010840.jpg,1,aigc_bench_ext,DALLE2
corpora/aigc_bench_ext/images/DALLE2/ood_0010872.jpg,1,aigc_bench_ext,DALLE2
corpora/aigc_bench_ext/images/DALLE2/ood_0010904.jpg,1,aigc_bench_ext,DALLE2
corpora/aigc_bench_ext/images/DALLE2/ood_0010936.jpg,1,aigc_bench_ext,DALLE2
corpora/aigc_bench_ext/images/DALLE2/ood_0010968.jpg,1,aigc_bench_ext,DALLE2
corpora/aigc_bench_ext/images/DALLE2/ood_0011000.jpg,1,aigc_bench_ext,DALLE2
corpora/aigc_bench_ext/images/DALLE2/ood_0011032.jpg,1,aigc_bench_ext,DALLE2
corpora/aigc_bench_ext/images/DALLE2/ood_0011064.jpg,1,aigc_bench_ext,DALLE2
corpora/aigc_bench_ext/images/DALLE2/ood_0011096.jpg,1,aigc_bench_ext,DALLE2
corpora/aigc_bench_ext/images/DALLE2/ood_0011128.jpg,1,aigc_bench_ext,DALLE2
corpora/aigc_bench_ext/images/DALLE2/ood_0011160.jpg,1,aigc_bench_ext,DALLE2
corpora/aigc_bench_ext/images/DALLE2/ood_0011192.jpg,1,aigc_bench_ext,DALLE2
corpora/aigc_bench_ext/images/DALLE2/ood_0011224.jpg,1,aigc_bench_ext,DALLE2
corpora/aigc_bench_ext/images/DALLE2/ood_0011256.jpg,1,aigc_bench_ext,DALLE2
corpora/aigc_bench_ext/images/DALLE2/ood_0011288.jpg,1,aigc_bench_ext,DALLE2
corpora/aigc_bench_ext/images/DALLE2/ood_0011320.jpg,1,aigc_bench_ext,DALLE2
corpora/aigc_bench_ext/images/DALLE2/ood_0011352.jpg,1,aigc_bench_ext,DALLE2
corpora/aigc_bench_ext/images/DALLE2/ood_0011384.jpg,1,aigc_bench_ext,DALLE2
corpora/aigc_bench_ext/images/DALLE2/ood_0011416.jpg,1,aigc_bench_ext,DALLE2
corpora/aigc_bench_ext/images/DALLE2/ood_0011448.jpg,1,aigc_bench_ext,DALLE2
corpora/aigc_bench_ext/images/DALLE2/ood_0011480.jpg,1,aigc_bench_ext,DALLE2
corpora/aigc_bench_ext/images/DALLE2/ood_0011512.jpg,1,aigc_bench_ext,DALLE2
corpora/aigc_bench_ext/images/DALLE2/ood_0011544.jpg,1,aigc_bench_ext,DALLE2
corpora/aigc_bench_ext/images/DALLE2/ood_0011576.jpg,1,aigc_bench_ext,DALLE2
corpora/aigc_bench_ext/images/DALLE2/ood_0011608.jpg,1,aigc_bench_ext,DALLE2
corpora/aigc_bench_ext/images/DALLE2/ood_0011640.jpg,1,aigc_bench_ext,DALLE2
corpora/aigc_bench_ext/images/DALLE2/ood_0011672.jpg,1,aigc_bench_ext,DALLE2
corpora/aigc_bench_ext/images/DALLE2/ood_0011704.jpg,1,aigc_bench_ext,DALLE2
corpora/aigc_bench_ext/images/DALLE2/ood_0011736.jpg,1,aigc_bench_ext,DALLE2
corpora/aigc_bench_ext/images/DALLE2/ood_0011768.jpg,1,aigc_bench_ext,DALLE2
corpora/aigc_bench_ext/images/DALLE2/ood_0011800.jpg,1,aigc_bench_ext,DALLE2
corpora/aigc_bench_ext/images/DALLE2/ood_0011832.jpg,1,aigc_bench_ext,DALLE2
corpora/aigc_bench_ext/images/DALLE2/ood_0011864.jpg,1,aigc_bench_ext,DALLE2
corpora/aigc_bench_ext/images/DALLE2/ood_0011896.jpg,1,aigc_bench_ext,DALLE2
corpora/aigc_bench_ext/images/DALLE2/ood_0011928.jpg,1,aigc_bench_ext,DALLE2
corpora/aigc_bench_ext/images/DALLE2/ood_0011960.jpg,1,aigc_bench_ext,DALLE2
corpora/aigc_bench_ext/images/DALLE2/ood_0011992.jpg,1,aigc_bench_ext,DALLE2
corpora/aigc_bench_ext/images/DALLE2/ood_0012024.jpg,1,aigc_bench_ext,DALLE2
corpora/aigc_bench_ext/images/DALLE2/ood_0012056.jpg,1,aigc_bench_ext,DALLE2
corpora/aigc_bench_ext/images/DALLE2/ood_0012088.jpg,1,aigc_bench_ext,DALLE2
corpora/aigc_bench_ext/images/DALLE2/ood_0012120.jpg,1,aigc_bench_ext,DALLE2
corpora/aigc_bench_ext/images/DALLE2/ood_0012152.jpg,1,aigc_bench_ext,DALLE2
corpora/aigc_bench_ext/images/DALLE2/ood_0012184.jpg,1,aigc_bench_ext,DALLE2
corpora/aigc_bench_ext/images/DALLE2/ood_0012216.jpg,1,aigc_bench_ext,DALLE2
corpora/aigc_bench_ext/images/DALLE2/ood_0012248.jpg,1,aigc_bench_ext,DALLE2
corpora/aigc_bench_ext/images/DALLE2/ood_0012280.jpg,1,aigc_bench_ext,DALLE2
corpora/aigc_bench_ext/images/DALLE2/ood_0012312.jpg,1,aigc_bench_ext,DALLE2
corpora/aigc_bench_ext/images/DALLE2/ood_0012344.jpg,1,aigc_bench_ext,DALLE2
corpora/aigc_bench_ext/images/DALLE2/ood_0012376.jpg,1,aigc_bench_ext,DALLE2
corpora/aigc_bench_ext/images/DALLE2/ood_0012408.jpg,1,aigc_bench_ext,DALLE2
corpora/aigc_bench_ext/images/DALLE2/ood_0012440.jpg,1,aigc_bench_ext,DALLE2
corpora/aigc_bench_ext/images/DALLE2/ood_0012472.jpg,1,aigc_bench_ext,DALLE2
corpora/aigc_bench_ext/images/DALLE2/ood_0012504.jpg,1,aigc_bench_ext,DALLE2
corpora/aigc_bench_ext/images/DALLE2/ood_0012536.jpg,1,aigc_bench_ext,DALLE2
corpora/aigc_bench_ext/images/DALLE2/ood_0012568.jpg,1,aigc_bench_ext,DALLE2
corpora/aigc_bench_ext/images/DALLE2/ood_0012600.jpg,1,aigc_bench_ext,DALLE2
corpora/aigc_bench_ext/images/DALLE2/ood_0012632.jpg,1,aigc_bench_ext,DALLE2
corpora/aigc_bench_ext/images/DALLE2/ood_0012664.jpg,1,aigc_bench_ext,DALLE2
corpora/aigc_bench_ext/images/DALLE2/ood_0012696.jpg,1,aigc_bench_ext,DALLE2
corpora/aigc_bench_ext/images/DALLE2/ood_0012728.jpg,1,aigc_bench_ext,DALLE2
corpora/aigc_bench_ext/images/DALLE2/ood_0012760.jpg,1,aigc_bench_ext,DALLE2
corpora/aigc_bench_ext/images/DALLE2/ood_0012792.jpg,1,aigc_bench_ext,DALLE2
corpora/aigc_bench_ext/images/DALLE2/ood_0012824.jpg,1,aigc_bench_ext,DALLE2
corpora/aigc_bench_ext/images/DALLE2/ood_0012856.jpg,1,aigc_bench_ext,DALLE2
corpora/aigc_bench_ext/images/DALLE2/ood_0012888.jpg,1,aigc_bench_ext,DALLE2
corpora/aigc_bench_ext/images/DALLE2/ood_0012920.jpg,1,aigc_bench_ext,DALLE2
corpora/aigc_bench_ext/images/DALLE2/ood_0012952.jpg,1,aigc_bench_ext,DALLE2
corpora/aigc_bench_ext/images/DALLE2/ood_0012984.jpg,1,aigc_bench_ext,DALLE2
corpora/aigc_bench_ext/images/DALLE2/ood_0013016.jpg,1,aigc_bench_ext,DALLE2
corpora/aigc_bench_ext/images/DALLE2/ood_0013048.jpg,1,aigc_bench_ext,DALLE2
corpora/aigc_bench_ext/images/DALLE2/ood_0013080.jpg,1,aigc_bench_ext,DALLE2
corpora/aigc_bench_ext/images/DALLE2/ood_0013112.jpg,1,aigc_bench_ext,DALLE2
corpora/aigc_bench_ext/images/DALLE2/ood_0013144.jpg,1,aigc_bench_ext,DALLE2
corpora/aigc_bench_ext/images/DALLE2/ood_0013176.jpg,1,aigc_bench_ext,DALLE2
corpora/aigc_bench_ext/images/DALLE2/ood_0013208.jpg,1,aigc_bench_ext,DALLE2
corpora/aigc_bench_ext/images/DALLE2/ood_0013240.jpg,1,aigc_bench_ext,DALLE2
corpora/aigc_bench_ext/images/DALLE2/ood_0013272.jpg,1,aigc_bench_ext,DALLE2
corpora/aigc_bench_ext/images/DALLE2/ood_0013304.jpg,1,aigc_bench_ext,DALLE2
corpora/aigc_bench_ext/images/DALLE2/ood_0013336.jpg,1,aigc_bench_ext,DALLE2
corpora/aigc_bench_ext/images/DALLE2/ood_0013368.jpg,1,aigc_bench_ext,DALLE2
corpora/aigc_bench_ext/images/DALLE2/ood_0013400.jpg,1,aigc_bench_ext,DALLE2
corpora/aigc_bench_ext/images/DALLE2/ood_0013432.jpg,1,aigc_bench_ext,DALLE2
corpora/aigc_bench_ext/images/DALLE2/ood_0013464.jpg,1,aigc_bench_ext,DALLE2
corpora/aigc_bench_ext/images/DALLE2/ood_0013496.jpg,1,aigc_bench_ext,DALLE2
corpora/aigc_bench_ext/images/DALLE2/ood_0013528.jpg,1,aigc_bench_ext,DALLE2
corpora/aigc_bench_ext/images/DALLE2/ood_0013560.jpg,1,aigc_bench_ext,DALLE2
corpora/aigc_bench_ext/images/DALLE2/ood_0013592.jpg,1,aigc_bench_ext,DALLE2
corpora/aigc_bench_ext/images/DALLE2/ood_0013624.jpg,1,aigc_bench_ext,DALLE2
corpora/aigc_bench_ext/images/DALLE2/ood_0013656.jpg,1,aigc_bench_ext,DALLE2
corpora/aigc_bench_ext/images/DALLE2/ood_0013688.jpg,1,aigc_bench_ext,DALLE2
corpora/aigc_bench_ext/images/DALLE2/ood_0013720.jpg,1,aigc_bench_ext,DALLE2
corpora/aigc_bench_ext/images/DALLE2/ood_0013752.jpg,1,aigc_bench_ext,DALLE2
corpora/aigc_bench_ext/images/DALLE2/ood_0013784.jpg,1,aigc_bench_ext,DALLE2
corpora/aigc_bench_ext/images/DALLE2/ood_0013816.jpg,1,aigc_bench_ext,DALLE2
corpora/aigc_bench_ext/images/DALLE2/ood_0013848.jpg,1,aigc_bench_ext,DALLE2
corpora/aigc_bench_ext/images/DALLE2/ood_0013880.jpg,1,aigc_bench_ext,DALLE2
corpora/aigc_bench_ext/images/DALLE2/ood_0013912.jpg,1,aigc_bench_ext,DALLE2
corpora/aigc_bench_ext/images/DALLE2/ood_0013944.jpg,1,aigc_bench_ext,DALLE2
corpora/aigc_bench_ext/images/DALLE2/ood_0013976.jpg,1,aigc_bench_ext,DALLE2
corpora/aigc_bench_ext/images/DALLE2/ood_0014008.jpg,1,aigc_bench_ext,DALLE2
corpora/aigc_bench_ext/images/DALLE2/ood_0014040.jpg,1,aigc_bench_ext,DALLE2
corpora/aigc_bench_ext/images/DALLE2/ood_0014072.jpg,1,aigc_bench_ext,DALLE2
corpora/aigc_bench_ext/images/DALLE2/ood_0014104.jpg,1,aigc_bench_ext,DALLE2
corpora/aigc_bench_ext/images/DALLE2/ood_0014136.jpg,1,aigc_bench_ext,DALLE2
corpora/aigc_bench_ext/images/DALLE2/ood_0014168.jpg,1,aigc_bench_ext,DALLE2
corpora/aigc_bench_ext/images/DALLE2/ood_0014200.jpg,1,aigc_bench_ext,DALLE2
corpora/aigc_bench_ext/images/DALLE2/ood_0014232.jpg,1,aigc_bench_ext,DALLE2
corpora/aigc_bench_ext/images/DALLE2/ood_0014264.jpg,1,aigc_bench_ext,DALLE2
corpora/aigc_bench_ext/images/DALLE2/ood_0014296.jpg,1,aigc_bench_ext,DALLE2
corpora/aigc_bench_ext/images/DALLE2/ood_0014328.jpg,1,aigc_bench_ext,DALLE2
corpora/aigc_bench_ext/images/DALLE2/ood_0014360.jpg,1,aigc_bench_ext,DALLE2
corpora/aigc_bench_ext/images/DALLE2/ood_0014392.jpg,1,aigc_bench_ext,DALLE2
corpora/aigc_bench_ext/images/DALLE2/ood_0014424.jpg,1,aigc_bench_ext,DALLE2
corpora/aigc_bench_ext/images/DALLE2/ood_0014456.jpg,1,aigc_bench_ext,DALLE2
corpora/aigc_bench_ext/images/DALLE2/ood_0014488.jpg,1,aigc_bench_ext,DALLE2
corpora/aigc_bench_ext/images/DALLE2/ood_0014520.jpg,1,aigc_bench_ext,DALLE2
corpora/aigc_bench_ext/images/DALLE2/ood_0014552.jpg,1,aigc_bench_ext,DALLE2
corpora/aigc_bench_ext/images/DALLE2/ood_0014584.jpg,1,aigc_bench_ext,DALLE2
corpora/aigc_bench_ext/images/DALLE2/ood_0014616.jpg,1,aigc_bench_ext,DALLE2
corpora/aigc_bench_ext/images/DALLE2/ood_0014648.jpg,1,aigc_bench_ext,DALLE2
corpora/aigc_bench_ext/images/DALLE2/ood_0014680.jpg,1,aigc_bench_ext,DALLE2
corpora/aigc_bench_ext/images/DALLE2/ood_0014712.jpg,1,aigc_bench_ext,DALLE2
corpora/aigc_bench_ext/images/DALLE2/ood_0014744.jpg,1,aigc_bench_ext,DALLE2
corpora/aigc_bench_ext/images/DALLE2/ood_0014776.jpg,1,aigc_bench_ext,DALLE2
corpora/aigc_bench_ext/images/DALLE2/ood_0014808.jpg,1,aigc_bench_ext,DALLE2
corpora/aigc_bench_ext/images/DALLE2/ood_0014840.jpg,1,aigc_bench_ext,DALLE2
corpora/aigc_bench_ext/images/DALLE2/ood_0014872.jpg,1,aigc_bench_ext,DALLE2
corpora/aigc_bench_ext/images/DALLE2/ood_0014904.jpg,1,aigc_bench_ext,DALLE2
corpora/aigc_bench_ext/images/DALLE2/ood_0014936.jpg,1,aigc_bench_ext,DALLE2
corpora/aigc_bench_ext/images/DALLE2/ood_0014968.jpg,1,aigc_bench_ext,DALLE2
corpora/aigc_bench_ext/images/DALLE2/ood_0015000.jpg,1,aigc_bench_ext,DALLE2
corpora/aigc_bench_ext/images/DALLE2/ood_0015032.jpg,1,aigc_bench_ext,DALLE2
corpora/aigc_bench_ext/images/DALLE2/ood_0015064.jpg,1,aigc_bench_ext,DALLE2
corpora/aigc_bench_ext/images/DALLE2/ood_0015096.jpg,1,aigc_bench_ext,DALLE2
corpora/aigc_bench_ext/images/DALLE2/ood_0015128.jpg,1,aigc_bench_ext,DALLE2
corpora/aigc_bench_ext/images/DALLE2/ood_0015160.jpg,1,aigc_bench_ext,DALLE2
corpora/aigc_bench_ext/images/DALLE2/ood_0015192.jpg,1,aigc_bench_ext,DALLE2
corpora/aigc_bench_ext/images/DALLE2/ood_0015224.jpg,1,aigc_bench_ext,DALLE2
corpora/aigc_bench_ext/images/DALLE2/ood_0015256.jpg,1,aigc_bench_ext,DALLE2
corpora/aigc_bench_ext/images/DALLE2/ood_0015288.jpg,1,aigc_bench_ext,DALLE2
corpora/aigc_bench_ext/images/DALLE2/ood_0015320.jpg,1,aigc_bench_ext,DALLE2
corpora/aigc_bench_ext/images/DALLE2/ood_0015352.jpg,1,aigc_bench_ext,DALLE2
corpora/aigc_bench_ext/images/DALLE2/ood_0015384.jpg,1,aigc_bench_ext,DALLE2
corpora/aigc_bench_ext/images/DALLE2/ood_0015416.jpg,1,aigc_bench_ext,DALLE2
corpora/aigc_bench_ext/images/DALLE2/ood_0015448.jpg,1,aigc_bench_ext,DALLE2
corpora/aigc_bench_ext/images/DALLE2/ood_0015480.jpg,1,aigc_bench_ext,DALLE2
corpora/aigc_bench_ext/images/DALLE2/ood_0015512.jpg,1,aigc_bench_ext,DALLE2
corpora/aigc_bench_ext/images/DALLE2/ood_0015544.jpg,1,aigc_bench_ext,DALLE2
corpora/aigc_bench_ext/images/DALLE2/ood_0015576.jpg,1,aigc_bench_ext,DALLE2
corpora/aigc_bench_ext/images/DALLE2/ood_0015608.jpg,1,aigc_bench_ext,DALLE2
corpora/aigc_bench_ext/images/DALLE2/ood_0015640.jpg,1,aigc_bench_ext,DALLE2
corpora/aigc_bench_ext/images/DALLE2/ood_0015672.jpg,1,aigc_bench_ext,DALLE2
corpora/aigc_bench_ext/images/DALLE2/ood_0015704.jpg,1,aigc_bench_ext,DALLE2
corpora/aigc_bench_ext/images/DALLE2/ood_0015736.jpg,1,aigc_bench_ext,DALLE2
corpora/aigc_bench_ext/images/DALLE2/ood_0015768.jpg,1,aigc_bench_ext,DALLE2
corpora/aigc_bench_ext/images/DALLE2/ood_0015800.jpg,1,aigc_bench_ext,DALLE2
corpora/aigc_bench_ext/images/DALLE2/ood_0015832.jpg,1,aigc_bench_ext,DALLE2
corpora/aigc_bench_ext/images/DALLE2/ood_0015864.jpg,1,aigc_bench_ext,DALLE2
corpora/aigc_bench_ext/images/DALLE2/ood_0015896.jpg,1,aigc_bench_ext,DALLE2
corpora/aigc_bench_ext/images/DALLE2/ood_0015928.jpg,1,aigc_bench_ext,DALLE2
corpora/aigc_bench_ext/images/DALLE2/ood_0015960.jpg,1,aigc_bench_ext,DALLE2
corpora/aigc_bench_ext/images/DALLE2/ood_0015992.jpg,1,aigc_bench_ext,DALLE2
corpora/aigc_bench_ext/images/DALLE2/ood_0016024.jpg,1,aigc_bench_ext,DALLE2
corpora/aigc_bench_ext/images/DALLE2/ood_0016056.jpg,1,aigc_bench_ext,DALLE2
corpora/aigc_bench_ext/images/DALLE2/ood_0016088.jpg,1,aigc_bench_ext,DALLE2
corpora/aigc_bench_ext/images/DALLE2/ood_0016120.jpg,1,aigc_bench_ext,DALLE2
corpora/aigc_bench_ext/images/DALLE2/ood_0016152.jpg,1,aigc_bench_ext,DALLE2
corpora/aigc_bench_ext/images/DALLE2/ood_0016184.jpg,1,aigc_bench_ext,DALLE2
corpora/aigc_bench_ext/images/DALLE2/ood_0016216.jpg,1,aigc_bench_ext,DALLE2
corpora/aigc_bench_ext/images/DALLE2/ood_0016248.jpg,1,aigc_bench_ext,DALLE2
corpora/aigc_bench_ext/images/DALLE2/ood_0016280.jpg,1,aigc_bench_ext,DALLE2
corpora/aigc_bench_ext/images/DALLE2/ood_0016312.jpg,1,aigc_bench_ext,DALLE2
corpora/aigc_bench_ext/images/DALLE2/ood_0016344.jpg,1,aigc_bench_ext,DALLE2
corpora/aigc_bench_ext/images/DALLE2/ood_0016376.jpg,1,aigc_bench_ext,DALLE2
corpora/aigc_bench_ext/images/DALLE2/ood_0016408.jpg,1,aigc_bench_ext,DALLE2
corpora/aigc_bench_ext/images/DALLE2/ood_0016440.jpg,1,aigc_bench_ext,DALLE2
corpora/aigc_bench_ext/images/DALLE2/ood_0016472.jpg,1,aigc_bench_ext,DALLE2
corpora/aigc_bench_ext/images/DALLE2/ood_0016504.jpg,1,aigc_bench_ext,DALLE2
corpora/aigc_bench_ext/images/DALLE2/ood_0016536.jpg,1,aigc_bench_ext,DALLE2
corpora/aigc_bench_ext/images/DALLE2/ood_0016568.jpg,1,aigc_bench_ext,DALLE2
corpora/aigc_bench_ext/images/DALLE2/ood_0016600.jpg,1,aigc_bench_ext,DALLE2
corpora/aigc_bench_ext/images/DALLE2/ood_0016632.jpg,1,aigc_bench_ext,DALLE2
corpora/aigc_bench_ext/images/DALLE2/ood_0016664.jpg,1,aigc_bench_ext,DALLE2
corpora/aigc_bench_ext/images/DALLE2/ood_0016696.jpg,1,aigc_bench_ext,DALLE2
corpora/aigc_bench_ext/images/DALLE2/ood_0016728.jpg,1,aigc_bench_ext,DALLE2
corpora/aigc_bench_ext/images/DALLE2/ood_0016760.jpg,1,aigc_bench_ext,DALLE2
corpora/aigc_bench_ext/images/DALLE2/ood_0016792.jpg,1,aigc_bench_ext,DALLE2
corpora/aigc_bench_ext/images/DALLE2/ood_0016824.jpg,1,aigc_bench_ext,DALLE2
corpora/aigc_bench_ext/images/DALLE2/ood_0016856.jpg,1,aigc_bench_ext,DALLE2
corpora/aigc_bench_ext/images/DALLE2/ood_0016888.jpg,1,aigc_bench_ext,DALLE2
corpora/aigc_bench_ext/images/DALLE2/ood_0016920.jpg,1,aigc_bench_ext,DALLE2
corpora/aigc_bench_ext/images/DALLE2/ood_0016952.jpg,1,aigc_bench_ext,DALLE2
corpora/aigc_bench_ext/images/DALLE2/ood_0016984.jpg,1,aigc_bench_ext,DALLE2
corpora/aigc_bench_ext/images/DALLE2/ood_0017016.jpg,1,aigc_bench_ext,DALLE2
corpora/aigc_bench_ext/images/DALLE2/ood_0017048.jpg,1,aigc_bench_ext,DALLE2
corpora/aigc_bench_ext/images/DALLE2/ood_0017080.jpg,1,aigc_bench_ext,DALLE2
corpora/aigc_bench_ext/images/DALLE2/ood_0017112.jpg,1,aigc_bench_ext,DALLE2
corpora/aigc_bench_ext/images/DALLE2/ood_0017144.jpg,1,aigc_bench_ext,DALLE2
corpora/aigc_bench_ext/images/DALLE2/ood_0017176.jpg,1,aigc_bench_ext,DALLE2
corpora/aigc_bench_ext/images/DALLE2/ood_0017208.jpg,1,aigc_bench_ext,DALLE2
corpora/aigc_bench_ext/images/DALLE2/ood_0017240.jpg,1,aigc_bench_ext,DALLE2
corpora/aigc_bench_ext/images/DALLE2/ood_0017272.jpg,1,aigc_bench_ext,DALLE2
corpora/aigc_bench_ext/images/DALLE2/ood_0017304.jpg,1,aigc_bench_ext,DALLE2
corpora/aigc_bench_ext/images/DALLE2/ood_0017336.jpg,1,aigc_bench_ext,DALLE2
corpora/aigc_bench_ext/images/DALLE2/ood_0017368.jpg,1,aigc_bench_ext,DALLE2
corpora/aigc_bench_ext/images/DALLE2/ood_0017400.jpg,1,aigc_bench_ext,DALLE2
corpora/aigc_bench_ext/images/DALLE2/ood_0017432.jpg,1,aigc_bench_ext,DALLE2
corpora/aigc_bench_ext/images/DALLE2/ood_0017464.jpg,1,aigc_bench_ext,DALLE2
corpora/aigc_bench_ext/images/DALLE2/ood_0017496.jpg,1,aigc_bench_ext,DALLE2
corpora/aigc_bench_ext/images/DALLE2/ood_0017528.jpg,1,aigc_bench_ext,DALLE2
corpora/aigc_bench_ext/images/DALLE2/ood_0017560.jpg,1,aigc_bench_ext,DALLE2
corpora/aigc_bench_ext/images/DALLE2/ood_0017592.jpg,1,aigc_bench_ext,DALLE2
corpora/aigc_bench_ext/images/DALLE2/ood_0017624.jpg,1,aigc_bench_ext,DALLE2
corpora/aigc_bench_ext/images/DALLE2/ood_0017656.jpg,1,aigc_bench_ext,DALLE2
corpora/aigc_bench_ext/images/DALLE2/ood_0017688.jpg,1,aigc_bench_ext,DALLE2
corpora/aigc_bench_ext/images/DALLE2/ood_0017720.jpg,1,aigc_bench_ext,DALLE2
corpora/aigc_bench_ext/images/DALLE2/ood_0017752.jpg,1,aigc_bench_ext,DALLE2
corpora/aigc_bench_ext/images/DALLE2/ood_0017784.jpg,1,aigc_bench_ext,DALLE2
corpora/aigc_bench_ext/images/DALLE2/ood_0017816.jpg,1,aigc_bench_ext,DALLE2
corpora/aigc_bench_ext/images/DALLE2/ood_0017848.jpg,1,aigc_bench_ext,DALLE2
corpora/aigc_bench_ext/images/DALLE2/ood_0017880.jpg,1,aigc_bench_ext,DALLE2
corpora/aigc_bench_ext/images/DALLE2/ood_0017912.jpg,1,aigc_bench_ext,DALLE2
corpora/aigc_bench_ext/images/DALLE2/ood_0017944.jpg,1,aigc_bench_ext,DALLE2
corpora/aigc_bench_ext/images/DALLE2/ood_0017976.jpg,1,aigc_bench_ext,DALLE2
corpora/aigc_bench_ext/images/DALLE2/ood_0018008.jpg,1,aigc_bench_ext,DALLE2
corpora/aigc_bench_ext/images/DALLE2/ood_0018040.jpg,1,aigc_bench_ext,DALLE2
corpora/aigc_bench_ext/images/DALLE2/ood_0018072.jpg,1,aigc_bench_ext,DALLE2
corpora/aigc_bench_ext/images/DALLE2/ood_0018104.jpg,1,aigc_bench_ext,DALLE2
corpora/aigc_bench_ext/images/DALLE2/ood_0018136.jpg,1,aigc_bench_ext,DALLE2
corpora/aigc_bench_ext/images/DALLE2/ood_0018168.jpg,1,aigc_bench_ext,DALLE2
corpora/aigc_bench_ext/images/DALLE2/ood_0018200.jpg,1,aigc_bench_ext,DALLE2
corpora/aigc_bench_ext/images/DALLE2/ood_0018232.jpg,1,aigc_bench_ext,DALLE2
corpora/aigc_bench_ext/images/DALLE2/ood_0018264.jpg,1,aigc_bench_ext,DALLE2
corpora/aigc_bench_ext/images/DALLE2/ood_0018296.jpg,1,aigc_bench_ext,DALLE2
corpora/aigc_bench_ext/images/DALLE2/ood_0018328.jpg,1,aigc_bench_ext,DALLE2
corpora/aigc_bench_ext/images/DALLE2/ood_0018360.jpg,1,aigc_bench_ext,DALLE2
corpora/aigc_bench_ext/images/DALLE2/ood_0018392.jpg,1,aigc_bench_ext,DALLE2
corpora/aigc_bench_ext/images/DALLE2/ood_0018424.jpg,1,aigc_bench_ext,DALLE2
corpora/aigc_bench_ext/images/DALLE2/ood_0018456.jpg,1,aigc_bench_ext,DALLE2
corpora/aigc_bench_ext/images/DALLE2/ood_0018488.jpg,1,aigc_bench_ext,DALLE2
corpora/aigc_bench_ext/images/DALLE2/ood_0018520.jpg,1,aigc_bench_ext,DALLE2
corpora/aigc_bench_ext/images/DALLE2/ood_0018552.jpg,1,aigc_bench_ext,DALLE2
corpora/aigc_bench_ext/images/DALLE2/ood_0018584.jpg,1,aigc_bench_ext,DALLE2
corpora/aigc_bench_ext/images/DALLE2/ood_0018616.jpg,1,aigc_bench_ext,DALLE2
corpora/aigc_bench_ext/images/DALLE2/ood_0018648.jpg,1,aigc_bench_ext,DALLE2
corpora/aigc_bench_ext/images/DALLE2/ood_0018680.jpg,1,aigc_bench_ext,DALLE2
corpora/aigc_bench_ext/images/DALLE2/ood_0018712.jpg,1,aigc_bench_ext,DALLE2
corpora/aigc_bench_ext/images/DALLE2/ood_0018744.jpg,1,aigc_bench_ext,DALLE2
corpora/aigc_bench_ext/images/GauGAN/ood_0008410.jpg,1,aigc_bench_ext,GauGAN
corpora/aigc_bench_ext/images/GauGAN/ood_0008442.jpg,1,aigc_bench_ext,GauGAN
corpora/aigc_bench_ext/images/GauGAN/ood_0008474.jpg,1,aigc_bench_ext,GauGAN
corpora/aigc_bench_ext/images/GauGAN/ood_0008506.jpg,1,aigc_bench_ext,GauGAN
corpora/aigc_bench_ext/images/GauGAN/ood_0008538.jpg,1,aigc_bench_ext,GauGAN
corpora/aigc_bench_ext/images/GauGAN/ood_0008570.jpg,1,aigc_bench_ext,GauGAN
corpora/aigc_bench_ext/images/GauGAN/ood_0008602.jpg,1,aigc_bench_ext,GauGAN
corpora/aigc_bench_ext/images/GauGAN/ood_0008634.jpg,1,aigc_bench_ext,GauGAN
corpora/aigc_bench_ext/images/GauGAN/ood_0008666.jpg,1,aigc_bench_ext,GauGAN
corpora/aigc_bench_ext/images/GauGAN/ood_0008698.jpg,1,aigc_bench_ext,GauGAN
corpora/aigc_bench_ext/images/GauGAN/ood_0008730.jpg,1,aigc_bench_ext,GauGAN
corpora/aigc_bench_ext/images/GauGAN/ood_0008762.jpg,1,aigc_bench_ext,GauGAN
corpora/aigc_bench_ext/images/GauGAN/ood_0008794.jpg,1,aigc_bench_ext,GauGAN
corpora/aigc_bench_ext/images/GauGAN/ood_0008826.jpg,1,aigc_bench_ext,GauGAN
corpora/aigc_bench_ext/images/GauGAN/ood_0008858.jpg,1,aigc_bench_ext,GauGAN
corpora/aigc_bench_ext/images/GauGAN/ood_0008890.jpg,1,aigc_bench_ext,GauGAN
corpora/aigc_bench_ext/images/GauGAN/ood_0008922.jpg,1,aigc_bench_ext,GauGAN
corpora/aigc_bench_ext/images/GauGAN/ood_0008954.jpg,1,aigc_bench_ext,GauGAN
corpora/aigc_bench_ext/images/GauGAN/ood_0008986.jpg,1,aigc_bench_ext,GauGAN
corpora/aigc_bench_ext/images/GauGAN/ood_0009018.jpg,1,aigc_bench_ext,GauGAN
corpora/aigc_bench_ext/images/GauGAN/ood_0009050.jpg,1,aigc_bench_ext,GauGAN
corpora/aigc_bench_ext/images/GauGAN/ood_0009082.jpg,1,aigc_bench_ext,GauGAN
corpora/aigc_bench_ext/images/GauGAN/ood_0009114.jpg,1,aigc_bench_ext,GauGAN
corpora/aigc_bench_ext/images/GauGAN/ood_0009146.jpg,1,aigc_bench_ext,GauGAN
corpora/aigc_bench_ext/images/GauGAN/ood_0009178.jpg,1,aigc_bench_ext,GauGAN
corpora/aigc_bench_ext/images/GauGAN/ood_0009210.jpg,1,aigc_bench_ext,GauGAN
corpora/aigc_bench_ext/images/GauGAN/ood_0009242.jpg,1,aigc_bench_ext,GauGAN
corpora/aigc_bench_ext/images/GauGAN/ood_0009274.jpg,1,aigc_bench_ext,GauGAN
corpora/aigc_bench_ext/images/GauGAN/ood_0009306.jpg,1,aigc_bench_ext,GauGAN
corpora/aigc_bench_ext/images/GauGAN/ood_0009338.jpg,1,aigc_bench_ext,GauGAN
corpora/aigc_bench_ext/images/GauGAN/ood_0009370.jpg,1,aigc_bench_ext,GauGAN
corpora/aigc_bench_ext/images/GauGAN/ood_0009402.jpg,1,aigc_bench_ext,GauGAN
corpora/aigc_bench_ext/images/GauGAN/ood_0009434.jpg,1,aigc_bench_ext,GauGAN
corpora/aigc_bench_ext/images/GauGAN/ood_0009466.jpg,1,aigc_bench_ext,GauGAN
corpora/aigc_bench_ext/images/GauGAN/ood_0009498.jpg,1,aigc_bench_ext,GauGAN
corpora/aigc_bench_ext/images/GauGAN/ood_0009530.jpg,1,aigc_bench_ext,GauGAN
corpora/aigc_bench_ext/images/GauGAN/ood_0009562.jpg,1,aigc_bench_ext,GauGAN
corpora/aigc_bench_ext/images/GauGAN/ood_0009594.jpg,1,aigc_bench_ext,GauGAN
corpora/aigc_bench_ext/images/GauGAN/ood_0009626.jpg,1,aigc_bench_ext,GauGAN
corpora/aigc_bench_ext/images/GauGAN/ood_0009658.jpg,1,aigc_bench_ext,GauGAN
corpora/aigc_bench_ext/images/GauGAN/ood_0009690.jpg,1,aigc_bench_ext,GauGAN
corpora/aigc_bench_ext/images/GauGAN/ood_0009722.jpg,1,aigc_bench_ext,GauGAN
corpora/aigc_bench_ext/images/GauGAN/ood_0009754.jpg,1,aigc_bench_ext,GauGAN
corpora/aigc_bench_ext/images/GauGAN/ood_0009786.jpg,1,aigc_bench_ext,GauGAN
corpora/aigc_bench_ext/images/GauGAN/ood_0009818.jpg,1,aigc_bench_ext,GauGAN
corpora/aigc_bench_ext/images/GauGAN/ood_0009850.jpg,1,aigc_bench_ext,GauGAN
corpora/aigc_bench_ext/images/GauGAN/ood_0009882.jpg,1,aigc_bench_ext,GauGAN
corpora/aigc_bench_ext/images/GauGAN/ood_0009914.jpg,1,aigc_bench_ext,GauGAN
corpora/aigc_bench_ext/images/GauGAN/ood_0009946.jpg,1,aigc_bench_ext,GauGAN
corpora/aigc_bench_ext/images/GauGAN/ood_0009978.jpg,1,aigc_bench_ext,GauGAN
corpora/aigc_bench_ext/images/GauGAN/ood_0010010.jpg,1,aigc_bench_ext,GauGAN
corpora/aigc_bench_ext/images/GauGAN/ood_0010042.jpg,1,aigc_bench_ext,GauGAN
corpora/aigc_bench_ext/images/GauGAN/ood_0010074.jpg,1,aigc_bench_ext,GauGAN
corpora/aigc_bench_ext/images/GauGAN/ood_0010106.jpg,1,aigc_bench_ext,GauGAN
corpora/aigc_bench_ext/images/GauGAN/ood_0010138.jpg,1,aigc_bench_ext,GauGAN
corpora/aigc_bench_ext/images/GauGAN/ood_0010170.jpg,1,aigc_bench_ext,GauGAN
corpora/aigc_bench_ext/images/GauGAN/ood_0010202.jpg,1,aigc_bench_ext,GauGAN
corpora/aigc_bench_ext/images/GauGAN/ood_0010234.jpg,1,aigc_bench_ext,GauGAN
corpora/aigc_bench_ext/images/GauGAN/ood_0010266.jpg,1,aigc_bench_ext,GauGAN
corpora/aigc_bench_ext/images/GauGAN/ood_0010298.jpg,1,aigc_bench_ext,GauGAN
corpora/aigc_bench_ext/images/GauGAN/ood_0010330.jpg,1,aigc_bench_ext,GauGAN
corpora/aigc_bench_ext/images/GauGAN/ood_0010362.jpg,1,aigc_bench_ext,GauGAN
corpora/aigc_bench_ext/images/GauGAN/ood_0010394.jpg,1,aigc_bench_ext,GauGAN
corpora/aigc_bench_ext/images/GauGAN/ood_0010426.jpg,1,aigc_bench_ext,GauGAN
corpora/aigc_bench_ext/images/GauGAN/ood_0010458.jpg,1,aigc_bench_ext,GauGAN
corpora/aigc_bench_ext/images/GauGAN/ood_0010490.jpg,1,aigc_bench_ext,GauGAN
corpora/aigc_bench_ext/images/GauGAN/ood_0010522.jpg,1,aigc_bench_ext,GauGAN
corpora/aigc_bench_ext/images/GauGAN/ood_0010554.jpg,1,aigc_bench_ext,GauGAN
corpora/aigc_bench_ext/images/GauGAN/ood_0010586.jpg,1,aigc_bench_ext,GauGAN
corpora/aigc_bench_ext/images/GauGAN/ood_0010618.jpg,1,aigc_bench_ext,GauGAN
corpora/aigc_bench_ext/images/GauGAN/ood_0010650.jpg,1,aigc_bench_ext,GauGAN
corpora/aigc_bench_ext/images/GauGAN/ood_0010682.jpg,1,aigc_bench_ext,GauGAN
corpora/aigc_bench_ext/images/GauGAN/ood_0010714.jpg,1,aigc_bench_ext,GauGAN
corpora/aigc_bench_ext/images/GauGAN/ood_0010746.jpg,1,aigc_bench_ext,GauGAN
corpora/aigc_bench_ext/images/GauGAN/ood_0010778.jpg,1,aigc_bench_ext,GauGAN
corpora/aigc_bench_ext/images/GauGAN/ood_0010810.jpg,1,aigc_bench_ext,GauGAN
corpora/aigc_bench_ext/images/GauGAN/ood_0010842.jpg,1,aigc_bench_ext,GauGAN
corpora/aigc_bench_ext/images/GauGAN/ood_0010874.jpg,1,aigc_bench_ext,GauGAN
corpora/aigc_bench_ext/images/GauGAN/ood_0010906.jpg,1,aigc_bench_ext,GauGAN
corpora/aigc_bench_ext/images/GauGAN/ood_0010938.jpg,1,aigc_bench_ext,GauGAN
corpora/aigc_bench_ext/images/GauGAN/ood_0010970.jpg,1,aigc_bench_ext,GauGAN
corpora/aigc_bench_ext/images/GauGAN/ood_0011002.jpg,1,aigc_bench_ext,GauGAN
corpora/aigc_bench_ext/images/GauGAN/ood_0011034.jpg,1,aigc_bench_ext,GauGAN
corpora/aigc_bench_ext/images/GauGAN/ood_0011066.jpg,1,aigc_bench_ext,GauGAN
corpora/aigc_bench_ext/images/GauGAN/ood_0011098.jpg,1,aigc_bench_ext,GauGAN
corpora/aigc_bench_ext/images/GauGAN/ood_0011130.jpg,1,aigc_bench_ext,GauGAN
corpora/aigc_bench_ext/images/GauGAN/ood_0011162.jpg,1,aigc_bench_ext,GauGAN
corpora/aigc_bench_ext/images/GauGAN/ood_0011194.jpg,1,aigc_bench_ext,GauGAN
corpora/aigc_bench_ext/images/GauGAN/ood_0011226.jpg,1,aigc_bench_ext,GauGAN
corpora/aigc_bench_ext/images/GauGAN/ood_0011258.jpg,1,aigc_bench_ext,GauGAN
corpora/aigc_bench_ext/images/GauGAN/ood_0011290.jpg,1,aigc_bench_ext,GauGAN
corpora/aigc_bench_ext/images/GauGAN/ood_0011322.jpg,1,aigc_bench_ext,GauGAN
corpora/aigc_bench_ext/images/GauGAN/ood_0011354.jpg,1,aigc_bench_ext,GauGAN
corpora/aigc_bench_ext/images/GauGAN/ood_0011386.jpg,1,aigc_bench_ext,GauGAN
corpora/aigc_bench_ext/images/GauGAN/ood_0011418.jpg,1,aigc_bench_ext,GauGAN
corpora/aigc_bench_ext/images/GauGAN/ood_0011450.jpg,1,aigc_bench_ext,GauGAN
corpora/aigc_bench_ext/images/GauGAN/ood_0011482.jpg,1,aigc_bench_ext,GauGAN
corpora/aigc_bench_ext/images/GauGAN/ood_0011514.jpg,1,aigc_bench_ext,GauGAN
corpora/aigc_bench_ext/images/GauGAN/ood_0011546.jpg,1,aigc_bench_ext,GauGAN
corpora/aigc_bench_ext/images/GauGAN/ood_0011578.jpg,1,aigc_bench_ext,GauGAN
corpora/aigc_bench_ext/images/GauGAN/ood_0011610.jpg,1,aigc_bench_ext,GauGAN
corpora/aigc_bench_ext/images/GauGAN/ood_0011642.jpg,1,aigc_bench_ext,GauGAN
corpora/aigc_bench_ext/images/GauGAN/ood_0011674.jpg,1,aigc_bench_ext,GauGAN
corpora/aigc_bench_ext/images/GauGAN/ood_0011706.jpg,1,aigc_bench_ext,GauGAN
corpora/aigc_bench_ext/images/GauGAN/ood_0011738.jpg,1,aigc_bench_ext,GauGAN
corpora/aigc_bench_ext/images/GauGAN/ood_0011770.jpg,1,aigc_bench_ext,GauGAN
corpora/aigc_bench_ext/images/GauGAN/ood_0011802.jpg,1,aigc_bench_ext,GauGAN
corpora/aigc_bench_ext/images/GauGAN/ood_0011834.jpg,1,aigc_bench_ext,GauGAN
corpora/aigc_bench_ext/images/GauGAN/ood_0011866.jpg,1,aigc_bench_ext,GauGAN
corpora/aigc_bench_ext/images/GauGAN/ood_0011898.jpg,1,aigc_bench_ext,GauGAN
corpora/aigc_bench_ext/images/GauGAN/ood_0011930.jpg,1,aigc_bench_ext,GauGAN
corpora/aigc_bench_ext/images/GauGAN/ood_0011962.jpg,1,aigc_bench_ext,GauGAN
corpora/aigc_bench_ext/images/GauGAN/ood_0011994.jpg,1,aigc_bench_ext,GauGAN
corpora/aigc_bench_ext/images/GauGAN/ood_0012026.jpg,1,aigc_bench_ext,GauGAN
corpora/aigc_bench_ext/images/GauGAN/ood_0012058.jpg,1,aigc_bench_ext,GauGAN
corpora/aigc_bench_ext/images/GauGAN/ood_0012090.jpg,1,aigc_bench_ext,GauGAN
corpora/aigc_bench_ext/images/GauGAN/ood_0012122.jpg,1,aigc_bench_ext,GauGAN
corpora/aigc_bench_ext/images/GauGAN/ood_0012154.jpg,1,aigc_bench_ext,GauGAN
corpora/aigc_bench_ext/images/GauGAN/ood_0012186.jpg,1,aigc_bench_ext,GauGAN
corpora/aigc_bench_ext/images/GauGAN/ood_0012218.jpg,1,aigc_bench_ext,GauGAN
corpora/aigc_bench_ext/images/GauGAN/ood_0012250.jpg,1,aigc_bench_ext,GauGAN
corpora/aigc_bench_ext/images/GauGAN/ood_0012282.jpg,1,aigc_bench_ext,GauGAN
corpora/aigc_bench_ext/images/GauGAN/ood_0012314.jpg,1,aigc_bench_ext,GauGAN
corpora/aigc_bench_ext/images/GauGAN/ood_0012346.jpg,1,aigc_bench_ext,GauGAN
corpora/aigc_bench_ext/images/GauGAN/ood_0012378.jpg,1,aigc_bench_ext,GauGAN
corpora/aigc_bench_ext/images/GauGAN/ood_0012410.jpg,1,aigc_bench_ext,GauGAN
corpora/aigc_bench_ext/images/GauGAN/ood_0012442.jpg,1,aigc_bench_ext,GauGAN
corpora/aigc_bench_ext/images/GauGAN/ood_0012474.jpg,1,aigc_bench_ext,GauGAN
corpora/aigc_bench_ext/images/GauGAN/ood_0012506.jpg,1,aigc_bench_ext,GauGAN
corpora/aigc_bench_ext/images/GauGAN/ood_0012538.jpg,1,aigc_bench_ext,GauGAN
corpora/aigc_bench_ext/images/GauGAN/ood_0012570.jpg,1,aigc_bench_ext,GauGAN
corpora/aigc_bench_ext/images/GauGAN/ood_0012602.jpg,1,aigc_bench_ext,GauGAN
corpora/aigc_bench_ext/images/GauGAN/ood_0012634.jpg,1,aigc_bench_ext,GauGAN
corpora/aigc_bench_ext/images/GauGAN/ood_0012666.jpg,1,aigc_bench_ext,GauGAN
corpora/aigc_bench_ext/images/GauGAN/ood_0012698.jpg,1,aigc_bench_ext,GauGAN
corpora/aigc_bench_ext/images/GauGAN/ood_0012730.jpg,1,aigc_bench_ext,GauGAN
corpora/aigc_bench_ext/images/GauGAN/ood_0012762.jpg,1,aigc_bench_ext,GauGAN
corpora/aigc_bench_ext/images/GauGAN/ood_0012794.jpg,1,aigc_bench_ext,GauGAN
corpora/aigc_bench_ext/images/GauGAN/ood_0012826.jpg,1,aigc_bench_ext,GauGAN
corpora/aigc_bench_ext/images/GauGAN/ood_0012858.jpg,1,aigc_bench_ext,GauGAN
corpora/aigc_bench_ext/images/GauGAN/ood_0012890.jpg,1,aigc_bench_ext,GauGAN
corpora/aigc_bench_ext/images/GauGAN/ood_0012922.jpg,1,aigc_bench_ext,GauGAN
corpora/aigc_bench_ext/images/GauGAN/ood_0012954.jpg,1,aigc_bench_ext,GauGAN
corpora/aigc_bench_ext/images/GauGAN/ood_0012986.jpg,1,aigc_bench_ext,GauGAN
corpora/aigc_bench_ext/images/GauGAN/ood_0013018.jpg,1,aigc_bench_ext,GauGAN
corpora/aigc_bench_ext/images/GauGAN/ood_0013050.jpg,1,aigc_bench_ext,GauGAN
corpora/aigc_bench_ext/images/GauGAN/ood_0013082.jpg,1,aigc_bench_ext,GauGAN
corpora/aigc_bench_ext/images/GauGAN/ood_0013114.jpg,1,aigc_bench_ext,GauGAN
corpora/aigc_bench_ext/images/GauGAN/ood_0013146.jpg,1,aigc_bench_ext,GauGAN
corpora/aigc_bench_ext/images/GauGAN/ood_0013178.jpg,1,aigc_bench_ext,GauGAN
corpora/aigc_bench_ext/images/GauGAN/ood_0013210.jpg,1,aigc_bench_ext,GauGAN
corpora/aigc_bench_ext/images/GauGAN/ood_0013242.jpg,1,aigc_bench_ext,GauGAN
corpora/aigc_bench_ext/images/GauGAN/ood_0013274.jpg,1,aigc_bench_ext,GauGAN
corpora/aigc_bench_ext/images/GauGAN/ood_0013306.jpg,1,aigc_bench_ext,GauGAN
corpora/aigc_bench_ext/images/GauGAN/ood_0013338.jpg,1,aigc_bench_ext,GauGAN
corpora/aigc_bench_ext/images/GauGAN/ood_0013370.jpg,1,aigc_bench_ext,GauGAN
corpora/aigc_bench_ext/images/GauGAN/ood_0013402.jpg,1,aigc_bench_ext,GauGAN
corpora/aigc_bench_ext/images/GauGAN/ood_0013434.jpg,1,aigc_bench_ext,GauGAN
corpora/aigc_bench_ext/images/GauGAN/ood_0013466.jpg,1,aigc_bench_ext,GauGAN
corpora/aigc_bench_ext/images/GauGAN/ood_0013498.jpg,1,aigc_bench_ext,GauGAN
corpora/aigc_bench_ext/images/GauGAN/ood_0013530.jpg,1,aigc_bench_ext,GauGAN
corpora/aigc_bench_ext/images/GauGAN/ood_0013562.jpg,1,aigc_bench_ext,GauGAN
corpora/aigc_bench_ext/images/GauGAN/ood_0013594.jpg,1,aigc_bench_ext,GauGAN
corpora/aigc_bench_ext/images/GauGAN/ood_0013626.jpg,1,aigc_bench_ext,GauGAN
corpora/aigc_bench_ext/images/GauGAN/ood_0013658.jpg,1,aigc_bench_ext,GauGAN
corpora/aigc_bench_ext/images/GauGAN/ood_0013690.jpg,1,aigc_bench_ext,GauGAN
corpora/aigc_bench_ext/images/GauGAN/ood_0013722.jpg,1,aigc_bench_ext,GauGAN
corpora/aigc_bench_ext/images/GauGAN/ood_0013754.jpg,1,aigc_bench_ext,GauGAN
corpora/aigc_bench_ext/images/GauGAN/ood_0013786.jpg,1,aigc_bench_ext,GauGAN
corpora/aigc_bench_ext/images/GauGAN/ood_0013818.jpg,1,aigc_bench_ext,GauGAN
corpora/aigc_bench_ext/images/GauGAN/ood_0013850.jpg,1,aigc_bench_ext,GauGAN
corpora/aigc_bench_ext/images/GauGAN/ood_0013882.jpg,1,aigc_bench_ext,GauGAN
corpora/aigc_bench_ext/images/GauGAN/ood_0013914.jpg,1,aigc_bench_ext,GauGAN
corpora/aigc_bench_ext/images/GauGAN/ood_0013946.jpg,1,aigc_bench_ext,GauGAN
corpora/aigc_bench_ext/images/GauGAN/ood_0013978.jpg,1,aigc_bench_ext,GauGAN
corpora/aigc_bench_ext/images/GauGAN/ood_0014010.jpg,1,aigc_bench_ext,GauGAN
corpora/aigc_bench_ext/images/GauGAN/ood_0014042.jpg,1,aigc_bench_ext,GauGAN
corpora/aigc_bench_ext/images/GauGAN/ood_0014074.jpg,1,aigc_bench_ext,GauGAN
corpora/aigc_bench_ext/images/GauGAN/ood_0014106.jpg,1,aigc_bench_ext,GauGAN
corpora/aigc_bench_ext/images/GauGAN/ood_0014138.jpg,1,aigc_bench_ext,GauGAN
corpora/aigc_bench_ext/images/GauGAN/ood_0014170.jpg,1,aigc_bench_ext,GauGAN
corpora/aigc_bench_ext/images/GauGAN/ood_0014202.jpg,1,aigc_bench_ext,GauGAN
corpora/aigc_bench_ext/images/GauGAN/ood_0014234.jpg,1,aigc_bench_ext,GauGAN
corpora/aigc_bench_ext/images/GauGAN/ood_0014266.jpg,1,aigc_bench_ext,GauGAN
corpora/aigc_bench_ext/images/GauGAN/ood_0014298.jpg,1,aigc_bench_ext,GauGAN
corpora/aigc_bench_ext/images/GauGAN/ood_0014330.jpg,1,aigc_bench_ext,GauGAN
corpora/aigc_bench_ext/images/GauGAN/ood_0014362.jpg,1,aigc_bench_ext,GauGAN
corpora/aigc_bench_ext/images/GauGAN/ood_0014394.jpg,1,aigc_bench_ext,GauGAN
corpora/aigc_bench_ext/images/GauGAN/ood_0014426.jpg,1,aigc_bench_ext,GauGAN
corpora/aigc_bench_ext/images/GauGAN/ood_0014458.jpg,1,aigc_bench_ext,GauGAN
corpora/aigc_bench_ext/images/GauGAN/ood_0014490.jpg,1,aigc_bench_ext,GauGAN
corpora/aigc_bench_ext/images/GauGAN/ood_0014522.jpg,1,aigc_bench_ext,GauGAN
corpora/aigc_bench_ext/images/GauGAN/ood_0014554.jpg,1,aigc_bench_ext,GauGAN
corpora/aigc_bench_ext/images/GauGAN/ood_0014586.jpg,1,aigc_bench_ext,GauGAN
corpora/aigc_bench_ext/images/GauGAN/ood_0014618.jpg,1,aigc_bench_ext,GauGAN
corpora/aigc_bench_ext/images/GauGAN/ood_0014650.jpg,1,aigc_bench_ext,GauGAN
corpora/aigc_bench_ext/images/GauGAN/ood_0014682.jpg,1,aigc_bench_ext,GauGAN
corpora/aigc_bench_ext/images/GauGAN/ood_0014714.jpg,1,aigc_bench_ext,GauGAN
corpora/aigc_bench_ext/images/GauGAN/ood_0014746.jpg,1,aigc_bench_ext,GauGAN
corpora/aigc_bench_ext/images/GauGAN/ood_0014778.jpg,1,aigc_bench_ext,GauGAN
corpora/aigc_bench_ext/images/GauGAN/ood_0014810.jpg,1,aigc_bench_ext,GauGAN
corpora/aigc_bench_ext/images/GauGAN/ood_0014842.jpg,1,aigc_bench_ext,GauGAN
corpora/aigc_bench_ext/images/GauGAN/ood_0014874.jpg,1,aigc_bench_ext,GauGAN
corpora/aigc_bench_ext/images/GauGAN/ood_0014906.jpg,1,aigc_bench_ext,GauGAN
corpora/aigc_bench_ext/images/GauGAN/ood_0014938.jpg,1,aigc_bench_ext,GauGAN
corpora/aigc_bench_ext/images/GauGAN/ood_0014970.jpg,1,aigc_bench_ext,GauGAN
corpora/aigc_bench_ext/images/GauGAN/ood_0015002.jpg,1,aigc_bench_ext,GauGAN
corpora/aigc_bench_ext/images/GauGAN/ood_0015034.jpg,1,aigc_bench_ext,GauGAN
corpora/aigc_bench_ext/images/GauGAN/ood_0015066.jpg,1,aigc_bench_ext,GauGAN
corpora/aigc_bench_ext/images/GauGAN/ood_0015098.jpg,1,aigc_bench_ext,GauGAN
corpora/aigc_bench_ext/images/GauGAN/ood_0015130.jpg,1,aigc_bench_ext,GauGAN
corpora/aigc_bench_ext/images/GauGAN/ood_0015162.jpg,1,aigc_bench_ext,GauGAN
corpora/aigc_bench_ext/images/GauGAN/ood_0015194.jpg,1,aigc_bench_ext,GauGAN
corpora/aigc_bench_ext/images/GauGAN/ood_0015226.jpg,1,aigc_bench_ext,GauGAN
corpora/aigc_bench_ext/images/GauGAN/ood_0015258.jpg,1,aigc_bench_ext,GauGAN
corpora/aigc_bench_ext/images/GauGAN/ood_0015290.jpg,1,aigc_bench_ext,GauGAN
corpora/aigc_bench_ext/images/GauGAN/ood_0015322.jpg,1,aigc_bench_ext,GauGAN
corpora/aigc_bench_ext/images/GauGAN/ood_0015354.jpg,1,aigc_bench_ext,GauGAN
corpora/aigc_bench_ext/images/GauGAN/ood_0015386.jpg,1,aigc_bench_ext,GauGAN
corpora/aigc_bench_ext/images/GauGAN/ood_0015418.jpg,1,aigc_bench_ext,GauGAN
corpora/aigc_bench_ext/images/GauGAN/ood_0015450.jpg,1,aigc_bench_ext,GauGAN
corpora/aigc_bench_ext/images/GauGAN/ood_0015482.jpg,1,aigc_bench_ext,GauGAN
corpora/aigc_bench_ext/images/GauGAN/ood_0015514.jpg,1,aigc_bench_ext,GauGAN
corpora/aigc_bench_ext/images/GauGAN/ood_0015546.jpg,1,aigc_bench_ext,GauGAN
corpora/aigc_bench_ext/images/GauGAN/ood_0015578.jpg,1,aigc_bench_ext,GauGAN
corpora/aigc_bench_ext/images/GauGAN/ood_0015610.jpg,1,aigc_bench_ext,GauGAN
corpora/aigc_bench_ext/images/GauGAN/ood_0015642.jpg,1,aigc_bench_ext,GauGAN
corpora/aigc_bench_ext/images/GauGAN/ood_0015674.jpg,1,aigc_bench_ext,GauGAN
corpora/aigc_bench_ext/images/GauGAN/ood_0015706.jpg,1,aigc_bench_ext,GauGAN
corpora/aigc_bench_ext/images/GauGAN/ood_0015738.jpg,1,aigc_bench_ext,GauGAN
corpora/aigc_bench_ext/images/GauGAN/ood_0015770.jpg,1,aigc_bench_ext,GauGAN
corpora/aigc_bench_ext/images/GauGAN/ood_0015802.jpg,1,aigc_bench_ext,GauGAN
corpora/aigc_bench_ext/images/GauGAN/ood_0015834.jpg,1,aigc_bench_ext,GauGAN
corpora/aigc_bench_ext/images/GauGAN/ood_0015866.jpg,1,aigc_bench_ext,GauGAN
corpora/aigc_bench_ext/images/GauGAN/ood_0015898.jpg,1,aigc_bench_ext,GauGAN
corpora/aigc_bench_ext/images/GauGAN/ood_0015930.jpg,1,aigc_bench_ext,GauGAN
corpora/aigc_bench_ext/images/GauGAN/ood_0015962.jpg,1,aigc_bench_ext,GauGAN
corpora/aigc_bench_ext/images/GauGAN/ood_0015994.jpg,1,aigc_bench_ext,GauGAN
corpora/aigc_bench_ext/images/GauGAN/ood_0016026.jpg,1,aigc_bench_ext,GauGAN
corpora/aigc_bench_ext/images/GauGAN/ood_0016058.jpg,1,aigc_bench_ext,GauGAN
corpora/aigc_bench_ext/images/GauGAN/ood_0016090.jpg,1,aigc_bench_ext,GauGAN
corpora/aigc_bench_ext/images/GauGAN/ood_0016122.jpg,1,aigc_bench_ext,GauGAN
corpora/aigc_bench_ext/images/GauGAN/ood_0016154.jpg,1,aigc_bench_ext,GauGAN
corpora/aigc_bench_ext/images/GauGAN/ood_0016186.jpg,1,aigc_bench_ext,GauGAN
corpora/aigc_bench_ext/images/GauGAN/ood_0016218.jpg,1,aigc_bench_ext,GauGAN
corpora/aigc_bench_ext/images/GauGAN/ood_0016250.jpg,1,aigc_bench_ext,GauGAN
corpora/aigc_bench_ext/images/GauGAN/ood_0016282.jpg,1,aigc_bench_ext,GauGAN
corpora/aigc_bench_ext/images/GauGAN/ood_0016314.jpg,1,aigc_bench_ext,GauGAN
corpora/aigc_bench_ext/images/GauGAN/ood_0016346.jpg,1,aigc_bench_ext,GauGAN
corpora/aigc_bench_ext/images/GauGAN/ood_0016378.jpg,1,aigc_bench_ext,GauGAN
corpora/aigc_bench_ext/images/GauGAN/ood_0016410.jpg,1,aigc_bench_ext,GauGAN
corpora/aigc_bench_ext/images/GauGAN/ood_0016442.jpg,1,aigc_bench_ext,GauGAN
corpora/aigc_bench_ext/images/GauGAN/ood_0016474.jpg,1,aigc_bench_ext,GauGAN
corpora/aigc_bench_ext/images/GauGAN/ood_0016506.jpg,1,aigc_bench_ext,GauGAN
corpora/aigc_bench_ext/images/GauGAN/ood_0016538.jpg,1,aigc_bench_ext,GauGAN
corpora/aigc_bench_ext/images/GauGAN/ood_0016570.jpg,1,aigc_bench_ext,GauGAN
corpora/aigc_bench_ext/images/GauGAN/ood_0016602.jpg,1,aigc_bench_ext,GauGAN
corpora/aigc_bench_ext/images/GauGAN/ood_0016634.jpg,1,aigc_bench_ext,GauGAN
corpora/aigc_bench_ext/images/GauGAN/ood_0016666.jpg,1,aigc_bench_ext,GauGAN
corpora/aigc_bench_ext/images/GauGAN/ood_0016698.jpg,1,aigc_bench_ext,GauGAN
corpora/aigc_bench_ext/images/GauGAN/ood_0016730.jpg,1,aigc_bench_ext,GauGAN
corpora/aigc_bench_ext/images/GauGAN/ood_0016762.jpg,1,aigc_bench_ext,GauGAN
corpora/aigc_bench_ext/images/GauGAN/ood_0016794.jpg,1,aigc_bench_ext,GauGAN
corpora/aigc_bench_ext/images/GauGAN/ood_0016826.jpg,1,aigc_bench_ext,GauGAN
corpora/aigc_bench_ext/images/GauGAN/ood_0016858.jpg,1,aigc_bench_ext,GauGAN
corpora/aigc_bench_ext/images/GauGAN/ood_0016890.jpg,1,aigc_bench_ext,GauGAN
corpora/aigc_bench_ext/images/GauGAN/ood_0016922.jpg,1,aigc_bench_ext,GauGAN
corpora/aigc_bench_ext/images/GauGAN/ood_0016954.jpg,1,aigc_bench_ext,GauGAN
corpora/aigc_bench_ext/images/GauGAN/ood_0016986.jpg,1,aigc_bench_ext,GauGAN
corpora/aigc_bench_ext/images/GauGAN/ood_0017018.jpg,1,aigc_bench_ext,GauGAN
corpora/aigc_bench_ext/images/GauGAN/ood_0017050.jpg,1,aigc_bench_ext,GauGAN
corpora/aigc_bench_ext/images/GauGAN/ood_0017082.jpg,1,aigc_bench_ext,GauGAN
corpora/aigc_bench_ext/images/GauGAN/ood_0017114.jpg,1,aigc_bench_ext,GauGAN
corpora/aigc_bench_ext/images/GauGAN/ood_0017146.jpg,1,aigc_bench_ext,GauGAN
corpora/aigc_bench_ext/images/GauGAN/ood_0017178.jpg,1,aigc_bench_ext,GauGAN
corpora/aigc_bench_ext/images/GauGAN/ood_0017210.jpg,1,aigc_bench_ext,GauGAN
corpora/aigc_bench_ext/images/GauGAN/ood_0017242.jpg,1,aigc_bench_ext,GauGAN
corpora/aigc_bench_ext/images/GauGAN/ood_0017274.jpg,1,aigc_bench_ext,GauGAN
corpora/aigc_bench_ext/images/GauGAN/ood_0017306.jpg,1,aigc_bench_ext,GauGAN
corpora/aigc_bench_ext/images/GauGAN/ood_0017338.jpg,1,aigc_bench_ext,GauGAN
corpora/aigc_bench_ext/images/GauGAN/ood_0017370.jpg,1,aigc_bench_ext,GauGAN
corpora/aigc_bench_ext/images/GauGAN/ood_0017402.jpg,1,aigc_bench_ext,GauGAN
corpora/aigc_bench_ext/images/GauGAN/ood_0017434.jpg,1,aigc_bench_ext,GauGAN
corpora/aigc_bench_ext/images/GauGAN/ood_0017466.jpg,1,aigc_bench_ext,GauGAN
corpora/aigc_bench_ext/images/GauGAN/ood_0017498.jpg,1,aigc_bench_ext,GauGAN
corpora/aigc_bench_ext/images/GauGAN/ood_0017530.jpg,1,aigc_bench_ext,GauGAN
corpora/aigc_bench_ext/images/GauGAN/ood_0017562.jpg,1,aigc_bench_ext,GauGAN
corpora/aigc_bench_ext/images/GauGAN/ood_0017594.jpg,1,aigc_bench_ext,GauGAN
corpora/aigc_bench_ext/images/GauGAN/ood_0017626.jpg,1,aigc_bench_ext,GauGAN
corpora/aigc_bench_ext/images/GauGAN/ood_0017658.jpg,1,aigc_bench_ext,GauGAN
corpora/aigc_bench_ext/images/GauGAN/ood_0017690.jpg,1,aigc_bench_ext,GauGAN
corpora/aigc_bench_ext/images/GauGAN/ood_0017722.jpg,1,aigc_bench_ext,GauGAN
corpora/aigc_bench_ext/images/GauGAN/ood_0017754.jpg,1,aigc_bench_ext,GauGAN
corpora/aigc_bench_ext/images/GauGAN/ood_0017786.jpg,1,aigc_bench_ext,GauGAN
corpora/aigc_bench_ext/images/GauGAN/ood_0017818.jpg,1,aigc_bench_ext,GauGAN
corpora/aigc_bench_ext/images/GauGAN/ood_0017850.jpg,1,aigc_bench_ext,GauGAN
corpora/aigc_bench_ext/images/GauGAN/ood_0017882.jpg,1,aigc_bench_ext,GauGAN
corpora/aigc_bench_ext/images/GauGAN/ood_0017914.jpg,1,aigc_bench_ext,GauGAN
corpora/aigc_bench_ext/images/GauGAN/ood_0017946.jpg,1,aigc_bench_ext,GauGAN
corpora/aigc_bench_ext/images/GauGAN/ood_0017978.jpg,1,aigc_bench_ext,GauGAN
corpora/aigc_bench_ext/images/GauGAN/ood_0018010.jpg,1,aigc_bench_ext,GauGAN
corpora/aigc_bench_ext/images/GauGAN/ood_0018042.jpg,1,aigc_bench_ext,GauGAN
corpora/aigc_bench_ext/images/GauGAN/ood_0018074.jpg,1,aigc_bench_ext,GauGAN
corpora/aigc_bench_ext/images/GauGAN/ood_0018106.jpg,1,aigc_bench_ext,GauGAN
corpora/aigc_bench_ext/images/GauGAN/ood_0018138.jpg,1,aigc_bench_ext,GauGAN
corpora/aigc_bench_ext/images/GauGAN/ood_0018170.jpg,1,aigc_bench_ext,GauGAN
corpora/aigc_bench_ext/images/GauGAN/ood_0018202.jpg,1,aigc_bench_ext,GauGAN
corpora/aigc_bench_ext/images/GauGAN/ood_0018234.jpg,1,aigc_bench_ext,GauGAN
corpora/aigc_bench_ext/images/GauGAN/ood_0018266.jpg,1,aigc_bench_ext,GauGAN
corpora/aigc_bench_ext/images/GauGAN/ood_0018298.jpg,1,aigc_bench_ext,GauGAN
corpora/aigc_bench_ext/images/GauGAN/ood_0018330.jpg,1,aigc_bench_ext,GauGAN
corpora/aigc_bench_ext/images/GauGAN/ood_0018362.jpg,1,aigc_bench_ext,GauGAN
corpora/aigc_bench_ext/images/GauGAN/ood_0018394.jpg,1,aigc_bench_ext,GauGAN
corpora/aigc_bench_ext/images/GauGAN/ood_0018426.jpg,1,aigc_bench_ext,GauGAN
corpora/aigc_bench_ext/images/GauGAN/ood_0018458.jpg,1,aigc_bench_ext,GauGAN
corpora/aigc_bench_ext/images/GauGAN/ood_0018490.jpg,1,aigc_bench_ext,GauGAN
corpora/aigc_bench_ext/images/GauGAN/ood_0018522.jpg,1,aigc_bench_ext,GauGAN
corpora/aigc_bench_ext/images/GauGAN/ood_0018554.jpg,1,aigc_bench_ext,GauGAN
corpora/aigc_bench_ext/images/GauGAN/ood_0018586.jpg,1,aigc_bench_ext,GauGAN
corpora/aigc_bench_ext/images/GauGAN/ood_0018618.jpg,1,aigc_bench_ext,GauGAN
corpora/aigc_bench_ext/images/GauGAN/ood_0018650.jpg,1,aigc_bench_ext,GauGAN
corpora/aigc_bench_ext/images/GauGAN/ood_0018682.jpg,1,aigc_bench_ext,GauGAN
corpora/aigc_bench_ext/images/GauGAN/ood_0018714.jpg,1,aigc_bench_ext,GauGAN
corpora/aigc_bench_ext/images/GauGAN/ood_0018746.jpg,1,aigc_bench_ext,GauGAN
corpora/aigc_bench_ext/images/Real/ood_0008401.jpg,0,aigc_bench_ext,Real
corpora/aigc_bench_ext/images/Real/ood_0008403.jpg,0,aigc_bench_ext,Real
corpora/aigc_bench_ext/images/Real/ood_0008405.jpg,0,aigc_bench_ext,Real
corpora/aigc_bench_ext/images/Real/ood_0008407.jpg,0,aigc_bench_ext,Real
corpora/aigc_bench_ext/images/Real/ood_0008409.jpg,0,aigc_bench_ext,Real
corpora/aigc_bench_ext/images/Real/ood_0008411.jpg,0,aigc_bench_ext,Real
corpora/aigc_bench_ext/images/Real/ood_0008413.jpg,0,aigc_bench_ext,Real
corpora/aigc_bench_ext/images/Real/ood_0008415.jpg,0,aigc_bench_ext,Real
corpora/aigc_bench_ext/images/Real/ood_0008417.jpg,0,aigc_bench_ext,Real
corpora/aigc_bench_ext/images/Real/ood_0008419.jpg,0,aigc_bench_ext,Real
corpora/aigc_bench_ext/images/Real/ood_0008421.jpg,0,aigc_bench_ext,Real
corpora/aigc_bench_ext/images/Real/ood_0008423.jpg,0,aigc_bench_ext,Real
corpora/aigc_bench_ext/images/Real/ood_0008425.jpg,0,aigc_bench_ext,Real
corpora/aigc_bench_ext/images/Real/ood_0008427.jpg,0,aigc_bench_ext,Real
corpora/aigc_bench_ext/images/Real/ood_0008429.jpg,0,aigc_bench_ext,Real
corpora/aigc_bench_ext/images/Real/ood_0008431.jpg,0,aigc_bench_ext,Real
corpora/aigc_bench_ext/images/Real/ood_0008433.jpg,0,aigc_bench_ext,Real
corpora/aigc_bench_ext/images/Real/ood_0008435.jpg,0,aigc_bench_ext,Real
corpora/aigc_bench_ext/images/Real/ood_0008437.jpg,0,aigc_bench_ext,Real
corpora/aigc_bench_ext/images/Real/ood_0008439.jpg,0,aigc_bench_ext,Real
corpora/aigc_bench_ext/images/Real/ood_0008441.jpg,0,aigc_bench_ext,Real
corpora/aigc_bench_ext/images/Real/ood_0008443.jpg,0,aigc_bench_ext,Real
corpora/aigc_bench_ext/images/Real/ood_0008445.jpg,0,aigc_bench_ext,Real
corpora/aigc_bench_ext/images/Real/ood_0008447.jpg,0,aigc_bench_ext,Real
corpora/aigc_bench_ext/images/Real/ood_0008449.jpg,0,aigc_bench_ext,Real
corpora/aigc_bench_ext/images/Real/ood_0008451.jpg,0,aigc_bench_ext,Real
corpora/aigc_bench_ext/images/Real/ood_0008453.jpg,0,aigc_bench_ext,Real
corpora/aigc_bench_ext/images/Real/ood_0008455.jpg,0,aigc_bench_ext,Real
corpora/aigc_bench_ext/images/Real/ood_0008457.jpg,0,aigc_bench_ext,Real
corpora/aigc_bench_ext/images/Real/ood_0008459.jpg,0,aigc_bench_ext,Real
corpora/aigc_bench_ext/images/Real/ood_0008461.jpg,0,aigc_bench_ext,Real
corpora/aigc_bench_ext/images/Real/ood_0008463.jpg,0,aigc_bench_ext,Real
corpora/aigc_bench_ext/images/Real/ood_0008465.jpg,0,aigc_bench_ext,Real
corpora/aigc_bench_ext/images/Real/ood_0008467.jpg,0,aigc_bench_ext,Real
corpora/aigc_bench_ext/images/Real/ood_0008469.jpg,0,aigc_bench_ext,Real
corpora/aigc_bench_ext/images/Real/ood_0008471.jpg,0,aigc_bench_ext,Real
corpora/aigc_bench_ext/images/Real/ood_0008473.jpg,0,aigc_bench_ext,Real
corpora/aigc_bench_ext/images/Real/ood_0008475.jpg,0,aigc_bench_ext,Real
corpora/aigc_bench_ext/images/Real/ood_0008477.jpg,0,aigc_bench_ext,Real
corpora/aigc_bench_ext/images/Real/ood_0008479.jpg,0,aigc_bench_ext,Real
corpora/aigc_bench_ext/images/Real/ood_0008481.jpg,0,aigc_bench_ext,Real
corpora/aigc_bench_ext/images/Real/ood_0008483.jpg,0,aigc_bench_ext,Real
corpora/aigc_bench_ext/images/Real/ood_0008485.jpg,0,aigc_bench_ext,Real
corpora/aigc_bench_ext/images/Real/ood_0008487.jpg,0,aigc_bench_ext,Real
corpora/aigc_bench_ext/images/Real/ood_0008489.jpg,0,aigc_bench_ext,Real
corpora/aigc_bench_ext/images/Real/ood_0008491.jpg,0,aigc_bench_ext,Real
corpora/aigc_bench_ext/images/Real/ood_0008493.jpg,0,aigc_bench_ext,Real
corpora/aigc_bench_ext/images/Real/ood_0008495.jpg,0,aigc_bench_ext,Real
corpora/aigc_bench_ext/images/Real/ood_0008497.jpg,0,aigc_bench_ext,Real
corpora/aigc_bench_ext/images/Real/ood_0008499.jpg,0,aigc_bench_ext,Real
corpora/aigc_bench_ext/images/Real/ood_0008501.jpg,0,aigc_bench_ext,Real
corpora/aigc_bench_ext/images/Real/ood_0008503.jpg,0,aigc_bench_ext,Real
corpora/aigc_bench_ext/images/Real/ood_0008505.jpg,0,aigc_bench_ext,Real
corpora/aigc_bench_ext/images/Real/ood_0008507.jpg,0,aigc_bench_ext,Real
corpora/aigc_bench_ext/images/Real/ood_0008509.jpg,0,aigc_bench_ext,Real
corpora/aigc_bench_ext/images/Real/ood_0008511.jpg,0,aigc_bench_ext,Real
corpora/aigc_bench_ext/images/Real/ood_0008513.jpg,0,aigc_bench_ext,Real
corpora/aigc_bench_ext/images/Real/ood_0008515.jpg,0,aigc_bench_ext,Real
corpora/aigc_bench_ext/images/Real/ood_0008517.jpg,0,aigc_bench_ext,Real
corpora/aigc_bench_ext/images/Real/ood_0008519.jpg,0,aigc_bench_ext,Real
corpora/aigc_bench_ext/images/Real/ood_0008521.jpg,0,aigc_bench_ext,Real
corpora/aigc_bench_ext/images/Real/ood_0008523.jpg,0,aigc_bench_ext,Real
corpora/aigc_bench_ext/images/Real/ood_0008525.jpg,0,aigc_bench_ext,Real
corpora/aigc_bench_ext/images/Real/ood_0008527.jpg,0,aigc_bench_ext,Real
corpora/aigc_bench_ext/images/Real/ood_0008529.jpg,0,aigc_bench_ext,Real
corpora/aigc_bench_ext/images/Real/ood_0008531.jpg,0,aigc_bench_ext,Real
corpora/aigc_bench_ext/images/Real/ood_0008533.jpg,0,aigc_bench_ext,Real
corpora/aigc_bench_ext/images/Real/ood_0008535.jpg,0,aigc_bench_ext,Real
corpora/aigc_bench_ext/images/Real/ood_0008537.jpg,0,aigc_bench_ext,Real
corpora/aigc_bench_ext/images/Real/ood_0008539.jpg,0,aigc_bench_ext,Real
corpora/aigc_bench_ext/images/Real/ood_0008541.jpg,0,aigc_bench_ext,Real
corpora/aigc_bench_ext/images/Real/ood_0008543.jpg,0,aigc_bench_ext,Real
corpora/aigc_bench_ext/images/Real/ood_0008545.jpg,0,aigc_bench_ext,Real
corpora/aigc_bench_ext/images/Real/ood_0008547.jpg,0,aigc_bench_ext,Real
corpora/aigc_bench_ext/images/Real/ood_0008549.jpg,0,aigc_bench_ext,Real
corpora/aigc_bench_ext/images/Real/ood_0008551.jpg,0,aigc_bench_ext,Real
corpora/aigc_bench_ext/images/Real/ood_0008553.jpg,0,aigc_bench_ext,Real
corpora/aigc_bench_ext/images/Real/ood_0008555.jpg,0,aigc_bench_ext,Real
corpora/aigc_bench_ext/images/Real/ood_0008557.jpg,0,aigc_bench_ext,Real
corpora/aigc_bench_ext/images/Real/ood_0008559.jpg,0,aigc_bench_ext,Real
corpora/aigc_bench_ext/images/Real/ood_0008561.jpg,0,aigc_bench_ext,Real
corpora/aigc_bench_ext/images/Real/ood_0008563.jpg,0,aigc_bench_ext,Real
corpora/aigc_bench_ext/images/Real/ood_0008565.jpg,0,aigc_bench_ext,Real
corpora/aigc_bench_ext/images/Real/ood_0008567.jpg,0,aigc_bench_ext,Real
corpora/aigc_bench_ext/images/Real/ood_0008569.jpg,0,aigc_bench_ext,Real
corpora/aigc_bench_ext/images/Real/ood_0008571.jpg,0,aigc_bench_ext,Real
corpora/aigc_bench_ext/images/Real/ood_0008573.jpg,0,aigc_bench_ext,Real
corpora/aigc_bench_ext/images/Real/ood_0008575.jpg,0,aigc_bench_ext,Real
corpora/aigc_bench_ext/images/Real/ood_0008577.jpg,0,aigc_bench_ext,Real
corpora/aigc_bench_ext/images/Real/ood_0008579.jpg,0,aigc_bench_ext,Real
corpora/aigc_bench_ext/images/Real/ood_0008581.jpg,0,aigc_bench_ext,Real
corpora/aigc_bench_ext/images/Real/ood_0008583.jpg,0,aigc_bench_ext,Real
corpora/aigc_bench_ext/images/Real/ood_0008585.jpg,0,aigc_bench_ext,Real
corpora/aigc_bench_ext/images/Real/ood_0008587.jpg,0,aigc_bench_ext,Real
corpora/aigc_bench_ext/images/Real/ood_0008589.jpg,0,aigc_bench_ext,Real
corpora/aigc_bench_ext/images/Real/ood_0008591.jpg,0,aigc_bench_ext,Real
corpora/aigc_bench_ext/images/Real/ood_0008593.jpg,0,aigc_bench_ext,Real
corpora/aigc_bench_ext/images/Real/ood_0008595.jpg,0,aigc_bench_ext,Real
corpora/aigc_bench_ext/images/Real/ood_0008597.jpg,0,aigc_bench_ext,Real
corpora/aigc_bench_ext/images/Real/ood_0008599.jpg,0,aigc_bench_ext,Real
corpora/aigc_bench_ext/images/Real/ood_0008601.jpg,0,aigc_bench_ext,Real
corpora/aigc_bench_ext/images/Real/ood_0008603.jpg,0,aigc_bench_ext,Real
corpora/aigc_bench_ext/images/Real/ood_0008605.jpg,0,aigc_bench_ext,Real
corpora/aigc_bench_ext/images/Real/ood_0008607.jpg,0,aigc_bench_ext,Real
corpora/aigc_bench_ext/images/Real/ood_0008609.jpg,0,aigc_bench_ext,Real
corpora/aigc_bench_ext/images/Real/ood_0008611.jpg,0,aigc_bench_ext,Real
corpora/aigc_bench_ext/images/Real/ood_0008613.jpg,0,aigc_bench_ext,Real
corpora/aigc_bench_ext/images/Real/ood_0008615.jpg,0,aigc_bench_ext,Real
corpora/aigc_bench_ext/images/Real/ood_0008617.jpg,0,aigc_bench_ext,Real
corpora/aigc_bench_ext/images/Real/ood_0008619.jpg,0,aigc_bench_ext,Real
corpora/aigc_bench_ext/images/Real/ood_0008621.jpg,0,aigc_bench_ext,Real
corpora/aigc_bench_ext/images/Real/ood_0008623.jpg,0,aigc_bench_ext,Real
corpora/aigc_bench_ext/images/Real/ood_0008625.jpg,0,aigc_bench_ext,Real
corpora/aigc_bench_ext/images/Real/ood_0008627.jpg,0,aigc_bench_ext,Real
corpora/aigc_bench_ext/images/Real/ood_0008629.jpg,0,aigc_bench_ext,Real
corpora/aigc_bench_ext/images/Real/ood_0008631.jpg,0,aigc_bench_ext,Real
corpora/aigc_bench_ext/images/Real/ood_0008633.jpg,0,aigc_bench_ext,Real
corpora/aigc_bench_ext/images/Real/ood_0008635.jpg,0,aigc_bench_ext,Real
corpora/aigc_bench_ext/images/Real/ood_0008637.jpg,0,aigc_bench_ext,Real
corpora/aigc_bench_ext/images/Real/ood_0008639.jpg,0,aigc_bench_ext,Real
corpora/aigc_bench_ext/images/Real/ood_0008641.jpg,0,aigc_bench_ext,Real
corpora/aigc_bench_ext/images/Real/ood_0008643.jpg,0,aigc_bench_ext,Real
corpora/aigc_bench_ext/images/Real/ood_0008645.jpg,0,aigc_bench_ext,Real
corpora/aigc_bench_ext/images/Real/ood_0008647.jpg,0,aigc_bench_ext,Real
corpora/aigc_bench_ext/images/Real/ood_0008649.jpg,0,aigc_bench_ext,Real
corpora/aigc_bench_ext/images/Real/ood_0008651.jpg,0,aigc_bench_ext,Real
corpora/aigc_bench_ext/images/Real/ood_0008653.jpg,0,aigc_bench_ext,Real
corpora/aigc_bench_ext/images/Real/ood_0008655.jpg,0,aigc_bench_ext,Real
corpora/aigc_bench_ext/images/Real/ood_0008657.jpg,0,aigc_bench_ext,Real
corpora/aigc_bench_ext/images/Real/ood_0008659.jpg,0,aigc_bench_ext,Real
corpora/aigc_bench_ext/images/Real/ood_0008661.jpg,0,aigc_bench_ext,Real
corpora/aigc_bench_ext/images/Real/ood_0008663.jpg,0,aigc_bench_ext,Real
corpora/aigc_bench_ext/images/Real/ood_0008665.jpg,0,aigc_bench_ext,Real
corpora/aigc_bench_ext/images/Real/ood_0008667.jpg,0,aigc_bench_ext,Real
corpora/aigc_bench_ext/images/Real/ood_0008669.jpg,0,aigc_bench_ext,Real
corpora/aigc_bench_ext/images/Real/ood_0008671.jpg,0,aigc_bench_ext,Real
corpora/aigc_bench_ext/images/Real/ood_0008673.jpg,0,aigc_bench_ext,Real
corpora/aigc_bench_ext/images/Real/ood_0008675.jpg,0,aigc_bench_ext,Real
corpora/aigc_bench_ext/images/Real/ood_0008677.jpg,0,aigc_bench_ext,Real
corpora/aigc_bench_ext/images/Real/ood_0008679.jpg,0,aigc_bench_ext,Real
corpora/aigc_bench_ext/images/Real/ood_0008681.jpg,0,aigc_bench_ext,Real
corpora/aigc_bench_ext/images/Real/ood_0008683.jpg,0,aigc_bench_ext,Real
corpora/aigc_bench_ext/images/Real/ood_0008685.jpg,0,aigc_bench_ext,Real
corpora/aigc_bench_ext/images/Real/ood_0008687.jpg,0,aigc_bench_ext,Real
corpora/aigc_bench_ext/images/Real/ood_0008689.jpg,0,aigc_bench_ext,Real
corpora/aigc_bench_ext/images/Real/ood_0008691.jpg,0,aigc_bench_ext,Real
corpora/aigc_bench_ext/images/Real/ood_0008693.jpg,0,aigc_bench_ext,Real
corpora/aigc_bench_ext/images/Real/ood_0008695.jpg,0,aigc_bench_ext,Real
corpora/aigc_bench_ext/images/Real/ood_0008697.jpg,0,aigc_bench_ext,Real
corpora/aigc_bench_ext/images/Real/ood_0008699.jpg,0,aigc_bench_ext,Real
corpora/aigc_bench_ext/images/Real/ood_0008701.jpg,0,aigc_bench_ext,Real
corpora/aigc_bench_ext/images/Real/ood_0008703.jpg,0,aigc_bench_ext,Real
corpora/aigc_bench_ext/images/Real/ood_0008705.jpg,0,aigc_bench_ext,Real
corpora/aigc_bench_ext/images/Real/ood_0008707.jpg,0,aigc_bench_ext,Real
corpora/aigc_bench_ext/images/Real/ood_0008709.jpg,0,aigc_bench_ext,Real
corpora/aigc_bench_ext/images/Real/ood_0008711.jpg,0,aigc_bench_ext,Real
corpora/aigc_bench_ext/images/Real/ood_0008713.jpg,0,aigc_bench_ext,Real
corpora/aigc_bench_ext/images/Real/ood_0008715.jpg,0,aigc_bench_ext,Real
corpora/aigc_bench_ext/images/Real/ood_0008717.jpg,0,aigc_bench_ext,Real
corpora/aigc_bench_ext/images/Real/ood_0008719.jpg,0,aigc_bench_ext,Real
corpora/aigc_bench_ext/images/Real/ood_0008721.jpg,0,aigc_bench_ext,Real
corpora/aigc_bench_ext/images/Real/ood_0008723.jpg,0,aigc_bench_ext,Real
corpora/aigc_bench_ext/images/Real/ood_0008725.jpg,0,aigc_bench_ext,Real
corpora/aigc_bench_ext/images/Real/ood_0008727.jpg,0,aigc_bench_ext,Real
corpora/aigc_bench_ext/images/Real/ood_0008729.jpg,0,aigc_bench_ext,Real
corpora/aigc_bench_ext/images/Real/ood_0008731.jpg,0,aigc_bench_ext,Real
corpora/aigc_bench_ext/images/Real/ood_0008733.jpg,0,aigc_bench_ext,Real
corpora/aigc_bench_ext/images/Real/ood_0008735.jpg,0,aigc_bench_ext,Real
corpora/aigc_bench_ext/images/Real/ood_0008737.jpg,0,aigc_bench_ext,Real
corpora/aigc_bench_ext/images/Real/ood_0008739.jpg,0,aigc_bench_ext,Real
corpora/aigc_bench_ext/images/Real/ood_0008741.jpg,0,aigc_bench_ext,Real
corpora/aigc_bench_ext/images/Real/ood_0008743.jpg,0,aigc_bench_ext,Real
corpora/aigc_bench_ext/images/Real/ood_0008745.jpg,0,aigc_bench_ext,Real
corpora/aigc_bench_ext/images/Real/ood_0008747.jpg,0,aigc_bench_ext,Real
corpora/aigc_bench_ext/images/Real/ood_0008749.jpg,0,aigc_bench_ext,Real
corpora/aigc_bench_ext/images/Real/ood_0008751.jpg,0,aigc_bench_ext,Real
corpora/aigc_bench_ext/images/Real/ood_0008753.jpg,0,aigc_bench_ext,Real
corpora/aigc_bench_ext/images/Real/ood_0008755.jpg,0,aigc_bench_ext,Real
corpora/aigc_bench_ext/images/Real/ood_0008757.jpg,0,aigc_bench_ext,Real
corpora/aigc_bench_ext/images/Real/ood_0008759.jpg,0,aigc_bench_ext,Real
corpora/aigc_bench_ext/images/Real/ood_0008761.jpg,0,aigc_bench_ext,Real
corpora/aigc_bench_ext/images/Real/ood_0008763.jpg,0,aigc_bench_ext,Real
corpora/aigc_bench_ext/images/Real/ood_0008765.jpg,0,aigc_bench_ext,Real
corpora/aigc_bench_ext/images/Real/ood_0008767.jpg,0,aigc_bench_ext,Real
corpora/aigc_bench_ext/images/Real/ood_0008769.jpg,0,aigc_bench_ext,Real
corpora/aigc_bench_ext/images/Real/ood_0008771.jpg,0,aigc_bench_ext,Real
corpora/aigc_bench_ext/images/Real/ood_0008773.jpg,0,aigc_bench_ext,Real
corpora/aigc_bench_ext/images/Real/ood_0008775.jpg,0,aigc_bench_ext,Real
corpora/aigc_bench_ext/images/Real/ood_0008777.jpg,0,aigc_bench_ext,Real
corpora/aigc_bench_ext/images/Real/ood_0008779.jpg,0,aigc_bench_ext,Real
corpora/aigc_bench_ext/images/Real/ood_0008781.jpg,0,aigc_bench_ext,Real
corpora/aigc_bench_ext/images/Real/ood_0008783.jpg,0,aigc_bench_ext,Real
corpora/aigc_bench_ext/images/Real/ood_0008785.jpg,0,aigc_bench_ext,Real
corpora/aigc_bench_ext/images/Real/ood_0008787.jpg,0,aigc_bench_ext,Real
corpora/aigc_bench_ext/images/Real/ood_0008789.jpg,0,aigc_bench_ext,Real
corpora/aigc_bench_ext/images/Real/ood_0008791.jpg,0,aigc_bench_ext,Real
corpora/aigc_bench_ext/images/Real/ood_0008793.jpg,0,aigc_bench_ext,Real
corpora/aigc_bench_ext/images/Real/ood_0008795.jpg,0,aigc_bench_ext,Real
corpora/aigc_bench_ext/images/Real/ood_0008797.jpg,0,aigc_bench_ext,Real
corpora/aigc_bench_ext/images/Real/ood_0008799.jpg,0,aigc_bench_ext,Real
corpora/aigc_bench_ext/images/Real/ood_0008801.jpg,0,aigc_bench_ext,Real
corpora/aigc_bench_ext/images/Real/ood_0008803.jpg,0,aigc_bench_ext,Real
corpora/aigc_bench_ext/images/Real/ood_0008805.jpg,0,aigc_bench_ext,Real
corpora/aigc_bench_ext/images/Real/ood_0008807.jpg,0,aigc_bench_ext,Real
corpora/aigc_bench_ext/images/Real/ood_0008809.jpg,0,aigc_bench_ext,Real
corpora/aigc_bench_ext/images/Real/ood_0008811.jpg,0,aigc_bench_ext,Real
corpora/aigc_bench_ext/images/Real/ood_0008813.jpg,0,aigc_bench_ext,Real
corpora/aigc_bench_ext/images/Real/ood_0008815.jpg,0,aigc_bench_ext,Real
corpora/aigc_bench_ext/images/Real/ood_0008817.jpg,0,aigc_bench_ext,Real
corpora/aigc_bench_ext/images/Real/ood_0008819.jpg,0,aigc_bench_ext,Real
corpora/aigc_bench_ext/images/Real/ood_0008821.jpg,0,aigc_bench_ext,Real
corpora/aigc_bench_ext/images/Real/ood_0008823.jpg,0,aigc_bench_ext,Real
corpora/aigc_bench_ext/images/Real/ood_0008825.jpg,0,aigc_bench_ext,Real
corpora/aigc_bench_ext/images/Real/ood_0008827.jpg,0,aigc_bench_ext,Real
corpora/aigc_bench_ext/images/Real/ood_0008829.jpg,0,aigc_bench_ext,Real
corpora/aigc_bench_ext/images/Real/ood_0008831.jpg,0,aigc_bench_ext,Real
corpora/aigc_bench_ext/images/Real/ood_0008833.jpg,0,aigc_bench_ext,Real
corpora/aigc_bench_ext/images/Real/ood_0008835.jpg,0,aigc_bench_ext,Real
corpora/aigc_bench_ext/images/Real/ood_0008837.jpg,0,aigc_bench_ext,Real
corpora/aigc_bench_ext/images/Real/ood_0008839.jpg,0,aigc_bench_ext,Real
corpora/aigc_bench_ext/images/Real/ood_0008841.jpg,0,aigc_bench_ext,Real
corpora/aigc_bench_ext/images/Real/ood_0008843.jpg,0,aigc_bench_ext,Real
corpora/aigc_bench_ext/images/Real/ood_0008845.jpg,0,aigc_bench_ext,Real
corpora/aigc_bench_ext/images/Real/ood_0008847.jpg,0,aigc_bench_ext,Real
corpora/aigc_bench_ext/images/Real/ood_0008849.jpg,0,aigc_bench_ext,Real
corpora/aigc_bench_ext/images/Real/ood_0008851.jpg,0,aigc_bench_ext,Real
corpora/aigc_bench_ext/images/Real/ood_0008853.jpg,0,aigc_bench_ext,Real
corpora/aigc_bench_ext/images/Real/ood_0008855.jpg,0,aigc_bench_ext,Real
corpora/aigc_bench_ext/images/Real/ood_0008857.jpg,0,aigc_bench_ext,Real
corpora/aigc_bench_ext/images/Real/ood_0008859.jpg,0,aigc_bench_ext,Real
corpora/aigc_bench_ext/images/Real/ood_0008861.jpg,0,aigc_bench_ext,Real
corpora/aigc_bench_ext/images/Real/ood_0008863.jpg,0,aigc_bench_ext,Real
corpora/aigc_bench_ext/images/Real/ood_0008865.jpg,0,aigc_bench_ext,Real
corpora/aigc_bench_ext/images/Real/ood_0008867.jpg,0,aigc_bench_ext,Real
corpora/aigc_bench_ext/images/Real/ood_0008869.jpg,0,aigc_bench_ext,Real
corpora/aigc_bench_ext/images/Real/ood_0008871.jpg,0,aigc_bench_ext,Real
corpora/aigc_bench_ext/images/Real/ood_0008873.jpg,0,aigc_bench_ext,Real
corpora/aigc_bench_ext/images/Real/ood_0008875.jpg,0,aigc_bench_ext,Real
corpora/aigc_bench_ext/images/Real/ood_0008877.jpg,0,aigc_bench_ext,Real
corpora/aigc_bench_ext/images/Real/ood_0008879.jpg,0,aigc_bench_ext,Real
corpora/aigc_bench_ext/images/Real/ood_0008881.jpg,0,aigc_bench_ext,Real
corpora/aigc_bench_ext/images/Real/ood_0008883.jpg,0,aigc_bench_ext,Real
corpora/aigc_bench_ext/images/Real/ood_0008885.jpg,0,aigc_bench_ext,Real
corpora/aigc_bench_ext/images/Real/ood_0008887.jpg,0,aigc_bench_ext,Real
corpora/aigc_bench_ext/images/Real/ood_0008889.jpg,0,aigc_bench_ext,Real
corpora/aigc_bench_ext/images/Real/ood_0008891.jpg,0,aigc_bench_ext,Real
corpora/aigc_bench_ext/images/Real/ood_0008893.jpg,0,aigc_bench_ext,Real
corpora/aigc_bench_ext/images/Real/ood_0008895.jpg,0,aigc_bench_ext,Real
corpora/aigc_bench_ext/images/Real/ood_0008897.jpg,0,aigc_bench_ext,Real
corpora/aigc_bench_ext/images/Real/ood_0008899.jpg,0,aigc_bench_ext,Real
corpora/aigc_bench_ext/images/Real/ood_0008901.jpg,0,aigc_bench_ext,Real
corpora/aigc_bench_ext/images/Real/ood_0008903.jpg,0,aigc_bench_ext,Real
corpora/aigc_bench_ext/images/Real/ood_0008905.jpg,0,aigc_bench_ext,Real
corpora/aigc_bench_ext/images/Real/ood_0008907.jpg,0,aigc_bench_ext,Real
corpora/aigc_bench_ext/images/Real/ood_0008909.jpg,0,aigc_bench_ext,Real
corpora/aigc_bench_ext/images/Real/ood_0008911.jpg,0,aigc_bench_ext,Real
corpora/aigc_bench_ext/images/Real/ood_0008913.jpg,0,aigc_bench_ext,Real
corpora/aigc_bench_ext/images/Real/ood_0008915.jpg,0,aigc_bench_ext,Real
corpora/aigc_bench_ext/images/Real/ood_0008917.jpg,0,aigc_bench_ext,Real
corpora/aigc_bench_ext/images/Real/ood_0008919.jpg,0,aigc_bench_ext,Real
corpora/aigc_bench_ext/images/Real/ood_0008921.jpg,0,aigc_bench_ext,Real
corpora/aigc_bench_ext/images/Real/ood_0008923.jpg,0,aigc_bench_ext,Real
corpora/aigc_bench_ext/images/Real/ood_0008925.jpg,0,aigc_bench_ext,Real
corpora/aigc_bench_ext/images/Real/ood_0008927.jpg,0,aigc_bench_ext,Real
corpora/aigc_bench_ext/images/Real/ood_0008929.jpg,0,aigc_bench_ext,Real
corpora/aigc_bench_ext/images/Real/ood_0008931.jpg,0,aigc_bench_ext,Real
corpora/aigc_bench_ext/images/Real/ood_0008933.jpg,0,aigc_bench_ext,Real
corpora/aigc_bench_ext/images/Real/ood_0008935.jpg,0,aigc_bench_ext,Real
corpora/aigc_bench_ext/images/Real/ood_0008937.jpg,0,aigc_bench_ext,Real
corpora/aigc_bench_ext/images/Real/ood_0008939.jpg,0,aigc_bench_ext,Real
corpora/aigc_bench_ext/images/Real/ood_0008941.jpg,0,aigc_bench_ext,Real
corpora/aigc_bench_ext/images/Real/ood_0008943.jpg,0,aigc_bench_ext,Real
corpora/aigc_bench_ext/images/Real/ood_0008945.jpg,0,aigc_bench_ext,Real
corpora/aigc_bench_ext/images/Real/ood_0008947.jpg,0,aigc_bench_ext,Real
corpora/aigc_bench_ext/images/Real/ood_0008949.jpg,0,aigc_bench_ext,Real
corpora/aigc_bench_ext/images/Real/ood_0008951.jpg,0,aigc_bench_ext,Real
corpora/aigc_bench_ext/images/Real/ood_0008953.jpg,0,aigc_bench_ext,Real
corpora/aigc_bench_ext/images/Real/ood_0008955.jpg,0,aigc_bench_ext,Real
corpora/aigc_bench_ext/images/Real/ood_0008957.jpg,0,aigc_bench_ext,Real
corpora/aigc_bench_ext/images/Real/ood_0008959.jpg,0,aigc_bench_ext,Real
corpora/aigc_bench_ext/images/Real/ood_0008961.jpg,0,aigc_bench_ext,Real
corpora/aigc_bench_ext/images/Real/ood_0008963.jpg,0,aigc_bench_ext,Real
corpora/aigc_bench_ext/images/Real/ood_0008965.jpg,0,aigc_bench_ext,Real
corpora/aigc_bench_ext/images/Real/ood_0008967.jpg,0,aigc_bench_ext,Real
corpora/aigc_bench_ext/images/Real/ood_0008969.jpg,0,aigc_bench_ext,Real
corpora/aigc_bench_ext/images/Real/ood_0008971.jpg,0,aigc_bench_ext,Real
corpora/aigc_bench_ext/images/Real/ood_0008973.jpg,0,aigc_bench_ext,Real
corpora/aigc_bench_ext/images/Real/ood_0008975.jpg,0,aigc_bench_ext,Real
corpora/aigc_bench_ext/images/Real/ood_0008977.jpg,0,aigc_bench_ext,Real
corpora/aigc_bench_ext/images/Real/ood_0008979.jpg,0,aigc_bench_ext,Real
corpora/aigc_bench_ext/images/Real/ood_0008981.jpg,0,aigc_bench_ext,Real
corpora/aigc_bench_ext/images/Real/ood_0008983.jpg,0,aigc_bench_ext,Real
corpora/aigc_bench_ext/images/Real/ood_0008985.jpg,0,aigc_bench_ext,Real
corpora/aigc_bench_ext/images/Real/ood_0008987.jpg,0,aigc_bench_ext,Real
corpora/aigc_bench_ext/images/Real/ood_0008989.jpg,0,aigc_bench_ext,Real
corpora/aigc_bench_ext/images/Real/ood_0008991.jpg,0,aigc_bench_ext,Real
corpora/aigc_bench_ext/images/Real/ood_0008993.jpg,0,aigc_bench_ext,Real
corpora/aigc_bench_ext/images/Real/ood_0008995.jpg,0,aigc_bench_ext,Real
corpora/aigc_bench_ext/images/Real/ood_0008997.jpg,0,aigc_bench_ext,Real
corpora/aigc_bench_ext/images/Real/ood_0008999.jpg,0,aigc_bench_ext,Real
corpora/aigc_bench_ext/images/Real/ood_0009001.jpg,0,aigc_bench_ext,Real
corpora/aigc_bench_ext/images/Real/ood_0009003.jpg,0,aigc_bench_ext,Real
corpora/aigc_bench_ext/images/Real/ood_0009005.jpg,0,aigc_bench_ext,Real
corpora/aigc_bench_ext/images/Real/ood_0009007.jpg,0,aigc_bench_ext,Real
corpora/aigc_bench_ext/images/Real/ood_0009009.jpg,0,aigc_bench_ext,Real
corpora/aigc_bench_ext/images/Real/ood_0009011.jpg,0,aigc_bench_ext,Real
corpora/aigc_bench_ext/images/Real/ood_0009013.jpg,0,aigc_bench_ext,Real
corpora/aigc_bench_ext/images/Real/ood_0009015.jpg,0,aigc_bench_ext,Real
corpora/aigc_bench_ext/images/Real/ood_0009017.jpg,0,aigc_bench_ext,Real
corpora/aigc_bench_ext/images/Real/ood_0009019.jpg,0,aigc_bench_ext,Real
corpora/aigc_bench_ext/images/Real/ood_0009021.jpg,0,aigc_bench_ext,Real
corpora/aigc_bench_ext/images/Real/ood_0009023.jpg,0,aigc_bench_ext,Real
corpora/aigc_bench_ext/images/Real/ood_0009025.jpg,0,aigc_bench_ext,Real
corpora/aigc_bench_ext/images/Real/ood_0009027.jpg,0,aigc_bench_ext,Real
corpora/aigc_bench_ext/images/Real/ood_0009029.jpg,0,aigc_bench_ext,Real
corpora/aigc_bench_ext/images/Real/ood_0009031.jpg,0,aigc_bench_ext,Real
corpora/aigc_bench_ext/images/Real/ood_0009033.jpg,0,aigc_bench_ext,Real
corpora/aigc_bench_ext/images/Real/ood_0009035.jpg,0,aigc_bench_ext,Real
corpora/aigc_bench_ext/images/Real/ood_0009037.jpg,0,aigc_bench_ext,Real
corpora/aigc_bench_ext/images/Real/ood_0009039.jpg,0,aigc_bench_ext,Real
corpora/aigc_bench_ext/images/Real/ood_0009041.jpg,0,aigc_bench_ext,Real
corpora/aigc_bench_ext/images/Real/ood_0009043.jpg,0,aigc_bench_ext,Real
corpora/aigc_bench_ext/images/Real/ood_0009045.jpg,0,aigc_bench_ext,Real
corpora/aigc_bench_ext/images/Real/ood_0009047.jpg,0,aigc_bench_ext,Real
corpora/aigc_bench_ext/images/Real/ood_0009049.jpg,0,aigc_bench_ext,Real
corpora/aigc_bench_ext/images/Real/ood_0009051.jpg,0,aigc_bench_ext,Real
corpora/aigc_bench_ext/images/Real/ood_0009053.jpg,0,aigc_bench_ext,Real
corpora/aigc_bench_ext/images/Real/ood_0009055.jpg,0,aigc_bench_ext,Real
corpora/aigc_bench_ext/images/Real/ood_0009057.jpg,0,aigc_bench_ext,Real
corpora/aigc_bench_ext/images/Real/ood_0009059.jpg,0,aigc_bench_ext,Real
corpora/aigc_bench_ext/images/Real/ood_0009061.jpg,0,aigc_bench_ext,Real
corpora/aigc_bench_ext/images/Real/ood_0009063.jpg,0,aigc_bench_ext,Real
corpora/aigc_bench_ext/images/Real/ood_0009065.jpg,0,aigc_bench_ext,Real
corpora/aigc_bench_ext/images/Real/ood_0009067.jpg,0,aigc_bench_ext,Real
corpora/aigc_bench_ext/images/Real/ood_0009069.jpg,0,aigc_bench_ext,Real
corpora/aigc_bench_ext/images/Real/ood_0009071.jpg,0,aigc_bench_ext,Real
corpora/aigc_bench_ext/images/Real/ood_0009073.jpg,0,aigc_bench_ext,Real
corpora/aigc_bench_ext/images/Real/ood_0009075.jpg,0,aigc_bench_ext,Real
corpora/aigc_bench_ext/images/Real/ood_0009077.jpg,0,aigc_bench_ext,Real
corpora/aigc_bench_ext/images/Real/ood_0009079.jpg,0,aigc_bench_ext,Real
corpora/aigc_bench_ext/images/Real/ood_0009081.jpg,0,aigc_bench_ext,Real
corpora/aigc_bench_ext/images/Real/ood_0009083.jpg,0,aigc_bench_ext,Real
corpora/aigc_bench_ext/images/Real/ood_0009085.jpg,0,aigc_bench_ext,Real
corpora/aigc_bench_ext/images/Real/ood_0009087.jpg,0,aigc_bench_ext,Real
corpora/aigc_bench_ext/images/Real/ood_0009089.jpg,0,aigc_bench_ext,Real
corpora/aigc_bench_ext/images/Real/ood_0009091.jpg,0,aigc_bench_ext,Real
corpora/aigc_bench_ext/images/Real/ood_0009093.jpg,0,aigc_bench_ext,Real
corpora/aigc_bench_ext/images/Real/ood_0009095.jpg,0,aigc_bench_ext,Real
corpora/aigc_bench_ext/images/Real/ood_0009097.jpg,0,aigc_bench_ext,Real
corpora/aigc_bench_ext/images/Real/ood_0009099.jpg,0,aigc_bench_ext,Real
corpora/aigc_bench_ext/images/Real/ood_0009101.jpg,0,aigc_bench_ext,Real
corpora/aigc_bench_ext/images/Real/ood_0009103.jpg,0,aigc_bench_ext,Real
corpora/aigc_bench_ext/images/Real/ood_0009105.jpg,0,aigc_bench_ext,Real
corpora/aigc_bench_ext/images/Real/ood_0009107.jpg,0,aigc_bench_ext,Real
corpora/aigc_bench_ext/images/Real/ood_0009109.jpg,0,aigc_bench_ext,Real
corpora/aigc_bench_ext/images/Real/ood_0009111.jpg,0,aigc_bench_ext,Real
corpora/aigc_bench_ext/images/Real/ood_0009113.jpg,0,aigc_bench_ext,Real
corpora/aigc_bench_ext/images/Real/ood_0009115.jpg,0,aigc_bench_ext,Real
corpora/aigc_bench_ext/images/Real/ood_0009117.jpg,0,aigc_bench_ext,Real
corpora/aigc_bench_ext/images/Real/ood_0009119.jpg,0,aigc_bench_ext,Real
corpora/aigc_bench_ext/images/Real/ood_0009121.jpg,0,aigc_bench_ext,Real
corpora/aigc_bench_ext/images/Real/ood_0009123.jpg,0,aigc_bench_ext,Real
corpora/aigc_bench_ext/images/Real/ood_0009125.jpg,0,aigc_bench_ext,Real
corpora/aigc_bench_ext/images/Real/ood_0009127.jpg,0,aigc_bench_ext,Real
corpora/aigc_bench_ext/images/Real/ood_0009129.jpg,0,aigc_bench_ext,Real
corpora/aigc_bench_ext/images/Real/ood_0009131.jpg,0,aigc_bench_ext,Real
corpora/aigc_bench_ext/images/Real/ood_0009133.jpg,0,aigc_bench_ext,Real
corpora/aigc_bench_ext/images/Real/ood_0009135.jpg,0,aigc_bench_ext,Real
corpora/aigc_bench_ext/images/Real/ood_0009137.jpg,0,aigc_bench_ext,Real
corpora/aigc_bench_ext/images/Real/ood_0009139.jpg,0,aigc_bench_ext,Real
corpora/aigc_bench_ext/images/Real/ood_0009141.jpg,0,aigc_bench_ext,Real
corpora/aigc_bench_ext/images/Real/ood_0009143.jpg,0,aigc_bench_ext,Real
corpora/aigc_bench_ext/images/Real/ood_0009145.jpg,0,aigc_bench_ext,Real
corpora/aigc_bench_ext/images/Real/ood_0009147.jpg,0,aigc_bench_ext,Real
corpora/aigc_bench_ext/images/Real/ood_0009149.jpg,0,aigc_bench_ext,Real
corpora/aigc_bench_ext/images/Real/ood_0009151.jpg,0,aigc_bench_ext,Real
corpora/aigc_bench_ext/images/Real/ood_0009153.jpg,0,aigc_bench_ext,Real
corpora/aigc_bench_ext/images/Real/ood_0009155.jpg,0,aigc_bench_ext,Real
corpora/aigc_bench_ext/images/Real/ood_0009157.jpg,0,aigc_bench_ext,Real
corpora/aigc_bench_ext/images/Real/ood_0009159.jpg,0,aigc_bench_ext,Real
corpora/aigc_bench_ext/images/Real/ood_0009161.jpg,0,aigc_bench_ext,Real
corpora/aigc_bench_ext/images/Real/ood_0009163.jpg,0,aigc_bench_ext,Real
corpora/aigc_bench_ext/images/Real/ood_0009165.jpg,0,aigc_bench_ext,Real
corpora/aigc_bench_ext/images/Real/ood_0009167.jpg,0,aigc_bench_ext,Real
corpora/aigc_bench_ext/images/Real/ood_0009169.jpg,0,aigc_bench_ext,Real
corpora/aigc_bench_ext/images/Real/ood_0009171.jpg,0,aigc_bench_ext,Real
corpora/aigc_bench_ext/images/Real/ood_0009173.jpg,0,aigc_bench_ext,Real
corpora/aigc_bench_ext/images/Real/ood_0009175.jpg,0,aigc_bench_ext,Real
corpora/aigc_bench_ext/images/Real/ood_0009177.jpg,0,aigc_bench_ext,Real
corpora/aigc_bench_ext/images/Real/ood_0009179.jpg,0,aigc_bench_ext,Real
corpora/aigc_bench_ext/images/Real/ood_0009181.jpg,0,aigc_bench_ext,Real
corpora/aigc_bench_ext/images/Real/ood_0009183.jpg,0,aigc_bench_ext,Real
corpora/aigc_bench_ext/images/Real/ood_0009185.jpg,0,aigc_bench_ext,Real
corpora/aigc_bench_ext/images/Real/ood_0009187.jpg,0,aigc_bench_ext,Real
corpora/aigc_bench_ext/images/Real/ood_0009189.jpg,0,aigc_bench_ext,Real
corpora/aigc_bench_ext/images/Real/ood_0009191.jpg,0,aigc_bench_ext,Real
corpora/aigc_bench_ext/images/Real/ood_0009193.jpg,0,aigc_bench_ext,Real
corpora/aigc_bench_ext/images/Real/ood_0009195.jpg,0,aigc_bench_ext,Real
corpora/aigc_bench_ext/images/Real/ood_0009197.jpg,0,aigc_bench_ext,Real
corpora/aigc_bench_ext/images/Real/ood_0009199.jpg,0,aigc_bench_ext,Real
corpora/aigc_bench_ext/images/Real/ood_0009201.jpg,0,aigc_bench_ext,Real
corpora/aigc_bench_ext/images/Real/ood_0009203.jpg,0,aigc_bench_ext,Real
corpora/aigc_bench_ext/images/Real/ood_0009205.jpg,0,aigc_bench_ext,Real
corpora/aigc_bench_ext/images/Real/ood_0009207.jpg,0,aigc_bench_ext,Real
corpora/aigc_bench_ext/images/Real/ood_0009209.jpg,0,aigc_bench_ext,Real
corpora/aigc_bench_ext/images/Real/ood_0009211.jpg,0,aigc_bench_ext,Real
corpora/aigc_bench_ext/images/Real/ood_0009213.jpg,0,aigc_bench_ext,Real
corpora/aigc_bench_ext/images/Real/ood_0009215.jpg,0,aigc_bench_ext,Real
corpora/aigc_bench_ext/images/Real/ood_0009217.jpg,0,aigc_bench_ext,Real
corpora/aigc_bench_ext/images/Real/ood_0009219.jpg,0,aigc_bench_ext,Real
corpora/aigc_bench_ext/images/Real/ood_0009221.jpg,0,aigc_bench_ext,Real
corpora/aigc_bench_ext/images/Real/ood_0009223.jpg,0,aigc_bench_ext,Real
corpora/aigc_bench_ext/images/Real/ood_0009225.jpg,0,aigc_bench_ext,Real
corpora/aigc_bench_ext/images/Real/ood_0009227.jpg,0,aigc_bench_ext,Real
corpora/aigc_bench_ext/images/Real/ood_0009229.jpg,0,aigc_bench_ext,Real
corpora/aigc_bench_ext/images/Real/ood_0009231.jpg,0,aigc_bench_ext,Real
corpora/aigc_bench_ext/images/Real/ood_0009233.jpg,0,aigc_bench_ext,Real
corpora/aigc_bench_ext/images/Real/ood_0009235.jpg,0,aigc_bench_ext,Real
corpora/aigc_bench_ext/images/Real/ood_0009237.jpg,0,aigc_bench_ext,Real
corpora/aigc_bench_ext/images/Real/ood_0009239.jpg,0,aigc_bench_ext,Real
corpora/aigc_bench_ext/images/Real/ood_0009241.jpg,0,aigc_bench_ext,Real
corpora/aigc_bench_ext/images/Real/ood_0009243.jpg,0,aigc_bench_ext,Real
corpora/aigc_bench_ext/images/Real/ood_0009245.jpg,0,aigc_bench_ext,Real
corpora/aigc_bench_ext/images/Real/ood_0009247.jpg,0,aigc_bench_ext,Real
corpora/aigc_bench_ext/images/Real/ood_0009249.jpg,0,aigc_bench_ext,Real
corpora/aigc_bench_ext/images/Real/ood_0009251.jpg,0,aigc_bench_ext,Real
corpora/aigc_bench_ext/images/Real/ood_0009253.jpg,0,aigc_bench_ext,Real
corpora/aigc_bench_ext/images/Real/ood_0009255.jpg,0,aigc_bench_ext,Real
corpora/aigc_bench_ext/images/Real/ood_0009257.jpg,0,aigc_bench_ext,Real
corpora/aigc_bench_ext/images/Real/ood_0009259.jpg,0,aigc_bench_ext,Real
corpora/aigc_bench_ext/images/Real/ood_0009261.jpg,0,aigc_bench_ext,Real
corpora/aigc_bench_ext/images/Real/ood_0009263.jpg,0,aigc_bench_ext,Real
corpora/aigc_bench_ext/images/Real/ood_0009265.jpg,0,aigc_bench_ext,Real
corpora/aigc_bench_ext/images/Real/ood_0009267.jpg,0,aigc_bench_ext,Real
corpora/aigc_bench_ext/images/Real/ood_0009269.jpg,0,aigc_bench_ext,Real
corpora/aigc_bench_ext/images/Real/ood_0009271.jpg,0,aigc_bench_ext,Real
corpora/aigc_bench_ext/images/Real/ood_0009273.jpg,0,aigc_bench_ext,Real
corpora/aigc_bench_ext/images/Real/ood_0009275.jpg,0,aigc_bench_ext,Real
corpora/aigc_bench_ext/images/Real/ood_0009277.jpg,0,aigc_bench_ext,Real
corpora/aigc_bench_ext/images/Real/ood_0009279.jpg,0,aigc_bench_ext,Real
corpora/aigc_bench_ext/images/Real/ood_0009281.jpg,0,aigc_bench_ext,Real
corpora/aigc_bench_ext/images/Real/ood_0009283.jpg,0,aigc_bench_ext,Real
corpora/aigc_bench_ext/images/Real/ood_0009285.jpg,0,aigc_bench_ext,Real
corpora/aigc_bench_ext/images/Real/ood_0009287.jpg,0,aigc_bench_ext,Real
corpora/aigc_bench_ext/images/Real/ood_0009289.jpg,0,aigc_bench_ext,Real
corpora/aigc_bench_ext/images/Real/ood_0009291.jpg,0,aigc_bench_ext,Real
corpora/aigc_bench_ext/images/Real/ood_0009293.jpg,0,aigc_bench_ext,Real
corpora/aigc_bench_ext/images/Real/ood_0009295.jpg,0,aigc_bench_ext,Real
corpora/aigc_bench_ext/images/Real/ood_0009297.jpg,0,aigc_bench_ext,Real
corpora/aigc_bench_ext/images/Real/ood_0009299.jpg,0,aigc_bench_ext,Real
corpora/aigc_bench_ext/images/Real/ood_0009301.jpg,0,aigc_bench_ext,Real
corpora/aigc_bench_ext/images/Real/ood_0009303.jpg,0,aigc_bench_ext,Real
corpora/aigc_bench_ext/images/Real/ood_0009305.jpg,0,aigc_bench_ext,Real
corpora/aigc_bench_ext/images/Real/ood_0009307.jpg,0,aigc_bench_ext,Real
corpora/aigc_bench_ext/images/Real/ood_0009309.jpg,0,aigc_bench_ext,Real
corpora/aigc_bench_ext/images/Real/ood_0009311.jpg,0,aigc_bench_ext,Real
corpora/aigc_bench_ext/images/Real/ood_0009313.jpg,0,aigc_bench_ext,Real
corpora/aigc_bench_ext/images/Real/ood_0009315.jpg,0,aigc_bench_ext,Real
corpora/aigc_bench_ext/images/Real/ood_0009317.jpg,0,aigc_bench_ext,Real
corpora/aigc_bench_ext/images/Real/ood_0009319.jpg,0,aigc_bench_ext,Real
corpora/aigc_bench_ext/images/Real/ood_0009321.jpg,0,aigc_bench_ext,Real
corpora/aigc_bench_ext/images/Real/ood_0009323.jpg,0,aigc_bench_ext,Real
corpora/aigc_bench_ext/images/Real/ood_0009325.jpg,0,aigc_bench_ext,Real
corpora/aigc_bench_ext/images/Real/ood_0009327.jpg,0,aigc_bench_ext,Real
corpora/aigc_bench_ext/images/Real/ood_0009329.jpg,0,aigc_bench_ext,Real
corpora/aigc_bench_ext/images/Real/ood_0009331.jpg,0,aigc_bench_ext,Real
corpora/aigc_bench_ext/images/Real/ood_0009333.jpg,0,aigc_bench_ext,Real
corpora/aigc_bench_ext/images/Real/ood_0009335.jpg,0,aigc_bench_ext,Real
corpora/aigc_bench_ext/images/Real/ood_0009337.jpg,0,aigc_bench_ext,Real
corpora/aigc_bench_ext/images/Real/ood_0009339.jpg,0,aigc_bench_ext,Real
corpora/aigc_bench_ext/images/Real/ood_0009341.jpg,0,aigc_bench_ext,Real
corpora/aigc_bench_ext/images/Real/ood_0009343.jpg,0,aigc_bench_ext,Real
corpora/aigc_bench_ext/images/Real/ood_0009345.jpg,0,aigc_bench_ext,Real
corpora/aigc_bench_ext/images/Real/ood_0009347.jpg,0,aigc_bench_ext,Real
corpora/aigc_bench_ext/images/Real/ood_0009349.jpg,0,aigc_bench_ext,Real
corpora/aigc_bench_ext/images/Real/ood_0009351.jpg,0,aigc_bench_ext,Real
corpora/aigc_bench_ext/images/Real/ood_0009353.jpg,0,aigc_bench_ext,Real
corpora/aigc_bench_ext/images/Real/ood_0009355.jpg,0,aigc_bench_ext,Real
corpora/aigc_bench_ext/images/Real/ood_0009357.jpg,0,aigc_bench_ext,Real
corpora/aigc_bench_ext/images/Real/ood_0009359.jpg,0,aigc_bench_ext,Real
corpora/aigc_bench_ext/images/Real/ood_0009361.jpg,0,aigc_bench_ext,Real
corpora/aigc_bench_ext/images/Real/ood_0009363.jpg,0,aigc_bench_ext,Real
corpora/aigc_bench_ext/images/Real/ood_0009365.jpg,0,aigc_bench_ext,Real
corpora/aigc_bench_ext/images/Real/ood_0009367.jpg,0,aigc_bench_ext,Real
corpora/aigc_bench_ext/images/Real/ood_0009369.jpg,0,aigc_bench_ext,Real
corpora/aigc_bench_ext/images/Real/ood_0009371.jpg,0,aigc_bench_ext,Real
corpora/aigc_bench_ext/images/Real/ood_0009373.jpg,0,aigc_bench_ext,Real
corpora/aigc_bench_ext/images/Real/ood_0009375.jpg,0,aigc_bench_ext,Real
corpora/aigc_bench_ext/images/Real/ood_0009377.jpg,0,aigc_bench_ext,Real
corpora/aigc_bench_ext/images/Real/ood_0009379.jpg,0,aigc_bench_ext,Real
corpora/aigc_bench_ext/images/Real/ood_0009381.jpg,0,aigc_bench_ext,Real
corpora/aigc_bench_ext/images/Real/ood_0009383.jpg,0,aigc_bench_ext,Real
corpora/aigc_bench_ext/images/Real/ood_0009385.jpg,0,aigc_bench_ext,Real
corpora/aigc_bench_ext/images/Real/ood_0009387.jpg,0,aigc_bench_ext,Real
corpora/aigc_bench_ext/images/Real/ood_0009389.jpg,0,aigc_bench_ext,Real
corpora/aigc_bench_ext/images/Real/ood_0009391.jpg,0,aigc_bench_ext,Real
corpora/aigc_bench_ext/images/Real/ood_0009393.jpg,0,aigc_bench_ext,Real
corpora/aigc_bench_ext/images/Real/ood_0009395.jpg,0,aigc_bench_ext,Real
corpora/aigc_bench_ext/images/Real/ood_0009397.jpg,0,aigc_bench_ext,Real
corpora/aigc_bench_ext/images/Real/ood_0009399.jpg,0,aigc_bench_ext,Real
corpora/aigc_bench_ext/images/Real/ood_0009401.jpg,0,aigc_bench_ext,Real
corpora/aigc_bench_ext/images/Real/ood_0009403.jpg,0,aigc_bench_ext,Real
corpora/aigc_bench_ext/images/Real/ood_0009405.jpg,0,aigc_bench_ext,Real
corpora/aigc_bench_ext/images/Real/ood_0009407.jpg,0,aigc_bench_ext,Real
corpora/aigc_bench_ext/images/Real/ood_0009409.jpg,0,aigc_bench_ext,Real
corpora/aigc_bench_ext/images/Real/ood_0009411.jpg,0,aigc_bench_ext,Real
corpora/aigc_bench_ext/images/Real/ood_0009413.jpg,0,aigc_bench_ext,Real
corpora/aigc_bench_ext/images/Real/ood_0009415.jpg,0,aigc_bench_ext,Real
corpora/aigc_bench_ext/images/Real/ood_0009417.jpg,0,aigc_bench_ext,Real
corpora/aigc_bench_ext/images/Real/ood_0009419.jpg,0,aigc_bench_ext,Real
corpora/aigc_bench_ext/images/Real/ood_0009421.jpg,0,aigc_bench_ext,Real
corpora/aigc_bench_ext/images/Real/ood_0009423.jpg,0,aigc_bench_ext,Real
corpora/aigc_bench_ext/images/Real/ood_0009425.jpg,0,aigc_bench_ext,Real
corpora/aigc_bench_ext/images/Real/ood_0009427.jpg,0,aigc_bench_ext,Real
corpora/aigc_bench_ext/images/Real/ood_0009429.jpg,0,aigc_bench_ext,Real
corpora/aigc_bench_ext/images/Real/ood_0009431.jpg,0,aigc_bench_ext,Real
corpora/aigc_bench_ext/images/Real/ood_0009433.jpg,0,aigc_bench_ext,Real
corpora/aigc_bench_ext/images/Real/ood_0009435.jpg,0,aigc_bench_ext,Real
corpora/aigc_bench_ext/images/Real/ood_0009437.jpg,0,aigc_bench_ext,Real
corpora/aigc_bench_ext/images/Real/ood_0009439.jpg,0,aigc_bench_ext,Real
corpora/aigc_bench_ext/images/Real/ood_0009441.jpg,0,aigc_bench_ext,Real
corpora/aigc_bench_ext/images/Real/ood_0009443.jpg,0,aigc_bench_ext,Real
corpora/aigc_bench_ext/images/Real/ood_0009445.jpg,0,aigc_bench_ext,Real
corpora/aigc_bench_ext/images/Real/ood_0009447.jpg,0,aigc_bench_ext,Real
corpora/aigc_bench_ext/images/Real/ood_0009449.jpg,0,aigc_bench_ext,Real
corpora/aigc_bench_ext/images/Real/ood_0009451.jpg,0,aigc_bench_ext,Real
corpora/aigc_bench_ext/images/Real/ood_0009453.jpg,0,aigc_bench_ext,Real
corpora/aigc_bench_ext/images/Real/ood_0009455.jpg,0,aigc_bench_ext,Real
corpora/aigc_bench_ext/images/Real/ood_0009457.jpg,0,aigc_bench_ext,Real
corpora/aigc_bench_ext/images/Real/ood_0009459.jpg,0,aigc_bench_ext,Real
corpora/aigc_bench_ext/images/Real/ood_0009461.jpg,0,aigc_bench_ext,Real
corpora/aigc_bench_ext/images/Real/ood_0009463.jpg,0,aigc_bench_ext,Real
corpora/aigc_bench_ext/images/Real/ood_0009465.jpg,0,aigc_bench_ext,Real
corpora/aigc_bench_ext/images/Real/ood_0009467.jpg,0,aigc_bench_ext,Real
corpora/aigc_bench_ext/images/Real/ood_0009469.jpg,0,aigc_bench_ext,Real
corpora/aigc_bench_ext/images/Real/ood_0009471.jpg,0,aigc_bench_ext,Real
corpora/aigc_bench_ext/images/Real/ood_0009473.jpg,0,aigc_bench_ext,Real
corpora/aigc_bench_ext/images/Real/ood_0009475.jpg,0,aigc_bench_ext,Real
corpora/aigc_bench_ext/images/Real/ood_0009477.jpg,0,aigc_bench_ext,Real
corpora/aigc_bench_ext/images/Real/ood_0009479.jpg,0,aigc_bench_ext,Real
corpora/aigc_bench_ext/images/Real/ood_0009481.jpg,0,aigc_bench_ext,Real
corpora/aigc_bench_ext/images/Real/ood_0009483.jpg,0,aigc_bench_ext,Real
corpora/aigc_bench_ext/images/Real/ood_0009485.jpg,0,aigc_bench_ext,Real
corpora/aigc_bench_ext/images/Real/ood_0009487.jpg,0,aigc_bench_ext,Real
corpora/aigc_bench_ext/images/Real/ood_0009489.jpg,0,aigc_bench_ext,Real
corpora/aigc_bench_ext/images/Real/ood_0009491.jpg,0,aigc_bench_ext,Real
corpora/aigc_bench_ext/images/Real/ood_0009493.jpg,0,aigc_bench_ext,Real
corpora/aigc_bench_ext/images/Real/ood_0009495.jpg,0,aigc_bench_ext,Real
corpora/aigc_bench_ext/images/Real/ood_0009497.jpg,0,aigc_bench_ext,Real
corpora/aigc_bench_ext/images/Real/ood_0009499.jpg,0,aigc_bench_ext,Real
corpora/aigc_bench_ext/images/Real/ood_0009501.jpg,0,aigc_bench_ext,Real
corpora/aigc_bench_ext/images/Real/ood_0009503.jpg,0,aigc_bench_ext,Real
corpora/aigc_bench_ext/images/Real/ood_0009505.jpg,0,aigc_bench_ext,Real
corpora/aigc_bench_ext/images/Real/ood_0009507.jpg,0,aigc_bench_ext,Real
corpora/aigc_bench_ext/images/Real/ood_0009509.jpg,0,aigc_bench_ext,Real
corpora/aigc_bench_ext/images/Real/ood_0009511.jpg,0,aigc_bench_ext,Real
corpora/aigc_bench_ext/images/Real/ood_0009513.jpg,0,aigc_bench_ext,Real
corpora/aigc_bench_ext/images/Real/ood_0009515.jpg,0,aigc_bench_ext,Real
corpora/aigc_bench_ext/images/Real/ood_0009517.jpg,0,aigc_bench_ext,Real
corpora/aigc_bench_ext/images/Real/ood_0009519.jpg,0,aigc_bench_ext,Real
corpora/aigc_bench_ext/images/Real/ood_0009521.jpg,0,aigc_bench_ext,Real
corpora/aigc_bench_ext/images/Real/ood_0009523.jpg,0,aigc_bench_ext,Real
corpora/aigc_bench_ext/images/Real/ood_0009525.jpg,0,aigc_bench_ext,Real
corpora/aigc_bench_ext/images/Real/ood_0009527.jpg,0,aigc_bench_ext,Real
corpora/aigc_bench_ext/images/Real/ood_0009529.jpg,0,aigc_bench_ext,Real
corpora/aigc_bench_ext/images/Real/ood_0009531.jpg,0,aigc_bench_ext,Real
corpora/aigc_bench_ext/images/Real/ood_0009533.jpg,0,aigc_bench_ext,Real
corpora/aigc_bench_ext/images/Real/ood_0009535.jpg,0,aigc_bench_ext,Real
corpora/aigc_bench_ext/images/Real/ood_0009537.jpg,0,aigc_bench_ext,Real
corpora/aigc_bench_ext/images/Real/ood_0009539.jpg,0,aigc_bench_ext,Real
corpora/aigc_bench_ext/images/Real/ood_0009541.jpg,0,aigc_bench_ext,Real
corpora/aigc_bench_ext/images/Real/ood_0009543.jpg,0,aigc_bench_ext,Real
corpora/aigc_bench_ext/images/Real/ood_0009545.jpg,0,aigc_bench_ext,Real
corpora/aigc_bench_ext/images/Real/ood_0009547.jpg,0,aigc_bench_ext,Real
corpora/aigc_bench_ext/images/Real/ood_0009549.jpg,0,aigc_bench_ext,Real
corpora/aigc_bench_ext/images/Real/ood_0009551.jpg,0,aigc_bench_ext,Real
corpora/aigc_bench_ext/images/Real/ood_0009553.jpg,0,aigc_bench_ext,Real
corpora/aigc_bench_ext/images/Real/ood_0009555.jpg,0,aigc_bench_ext,Real
corpora/aigc_bench_ext/images/Real/ood_0009557.jpg,0,aigc_bench_ext,Real
corpora/aigc_bench_ext/images/Real/ood_0009559.jpg,0,aigc_bench_ext,Real
corpora/aigc_bench_ext/images/Real/ood_0009561.jpg,0,aigc_bench_ext,Real
corpora/aigc_bench_ext/images/Real/ood_0009563.jpg,0,aigc_bench_ext,Real
corpora/aigc_bench_ext/images/Real/ood_0009565.jpg,0,aigc_bench_ext,Real
corpora/aigc_bench_ext/images/Real/ood_0009567.jpg,0,aigc_bench_ext,Real
corpora/aigc_bench_ext/images/Real/ood_0009569.jpg,0,aigc_bench_ext,Real
corpora/aigc_bench_ext/images/Real/ood_0009571.jpg,0,aigc_bench_ext,Real
corpora/aigc_bench_ext/images/Real/ood_0009573.jpg,0,aigc_bench_ext,Real
corpora/aigc_bench_ext/images/Real/ood_0009575.jpg,0,aigc_bench_ext,Real
corpora/aigc_bench_ext/images/Real/ood_0009577.jpg,0,aigc_bench_ext,Real
corpora/aigc_bench_ext/images/Real/ood_0009579.jpg,0,aigc_bench_ext,Real
corpora/aigc_bench_ext/images/Real/ood_0009581.jpg,0,aigc_bench_ext,Real
corpora/aigc_bench_ext/images/Real/ood_0009583.jpg,0,aigc_bench_ext,Real
corpora/aigc_bench_ext/images/Real/ood_0009585.jpg,0,aigc_bench_ext,Real
corpora/aigc_bench_ext/images/Real/ood_0009587.jpg,0,aigc_bench_ext,Real
corpora/aigc_bench_ext/images/Real/ood_0009589.jpg,0,aigc_bench_ext,Real
corpora/aigc_bench_ext/images/Real/ood_0009591.jpg,0,aigc_bench_ext,Real
corpora/aigc_bench_ext/images/Real/ood_0009593.jpg,0,aigc_bench_ext,Real
corpora/aigc_bench_ext/images/Real/ood_0009595.jpg,0,aigc_bench_ext,Real
corpora/aigc_bench_ext/images/Real/ood_0009597.jpg,0,aigc_bench_ext,Real
corpora/aigc_bench_ext/images/Real/ood_0009599.jpg,0,aigc_bench_ext,Real
corpora/aigc_bench_ext/images/Real/ood_0009601.jpg,0,aigc_bench_ext,Real
corpora/aigc_bench_ext/images/Real/ood_0009603.jpg,0,aigc_bench_ext,Real
corpora/aigc_bench_ext/images/Real/ood_0009605.jpg,0,aigc_bench_ext,Real
corpora/aigc_bench_ext/images/Real/ood_0009607.jpg,0,aigc_bench_ext,Real
corpora/aigc_bench_ext/images/Real/ood_0009609.jpg,0,aigc_bench_ext,Real
corpora/aigc_bench_ext/images/Real/ood_0009611.jpg,0,aigc_bench_ext,Real
corpora/aigc_bench_ext/images/Real/ood_0009613.jpg,0,aigc_bench_ext,Real
corpora/aigc_bench_ext/images/Real/ood_0009615.jpg,0,aigc_bench_ext,Real
corpora/aigc_bench_ext/images/Real/ood_0009617.jpg,0,aigc_bench_ext,Real
corpora/aigc_bench_ext/images/Real/ood_0009619.jpg,0,aigc_bench_ext,Real
corpora/aigc_bench_ext/images/Real/ood_0009621.jpg,0,aigc_bench_ext,Real
corpora/aigc_bench_ext/images/Real/ood_0009623.jpg,0,aigc_bench_ext,Real
corpora/aigc_bench_ext/images/Real/ood_0009625.jpg,0,aigc_bench_ext,Real
corpora/aigc_bench_ext/images/Real/ood_0009627.jpg,0,aigc_bench_ext,Real
corpora/aigc_bench_ext/images/Real/ood_0009629.jpg,0,aigc_bench_ext,Real
corpora/aigc_bench_ext/images/Real/ood_0009631.jpg,0,aigc_bench_ext,Real
corpora/aigc_bench_ext/images/Real/ood_0009633.jpg,0,aigc_bench_ext,Real
corpora/aigc_bench_ext/images/Real/ood_0009635.jpg,0,aigc_bench_ext,Real
corpora/aigc_bench_ext/images/Real/ood_0009637.jpg,0,aigc_bench_ext,Real
corpora/aigc_bench_ext/images/Real/ood_0009639.jpg,0,aigc_bench_ext,Real
corpora/aigc_bench_ext/images/Real/ood_0009641.jpg,0,aigc_bench_ext,Real
corpora/aigc_bench_ext/images/Real/ood_0009643.jpg,0,aigc_bench_ext,Real
corpora/aigc_bench_ext/images/Real/ood_0009645.jpg,0,aigc_bench_ext,Real
corpora/aigc_bench_ext/images/Real/ood_0009647.jpg,0,aigc_bench_ext,Real
corpora/aigc_bench_ext/images/Real/ood_0009649.jpg,0,aigc_bench_ext,Real
corpora/aigc_bench_ext/images/Real/ood_0009651.jpg,0,aigc_bench_ext,Real
corpora/aigc_bench_ext/images/Real/ood_0009653.jpg,0,aigc_bench_ext,Real
corpora/aigc_bench_ext/images/Real/ood_0009655.jpg,0,aigc_bench_ext,Real
corpora/aigc_bench_ext/images/Real/ood_0009657.jpg,0,aigc_bench_ext,Real
corpora/aigc_bench_ext/images/Real/ood_0009659.jpg,0,aigc_bench_ext,Real
corpora/aigc_bench_ext/images/Real/ood_0009661.jpg,0,aigc_bench_ext,Real
corpora/aigc_bench_ext/images/Real/ood_0009663.jpg,0,aigc_bench_ext,Real
corpora/aigc_bench_ext/images/Real/ood_0009665.jpg,0,aigc_bench_ext,Real
corpora/aigc_bench_ext/images/Real/ood_0009667.jpg,0,aigc_bench_ext,Real
corpora/aigc_bench_ext/images/Real/ood_0009669.jpg,0,aigc_bench_ext,Real
corpora/aigc_bench_ext/images/Real/ood_0009671.jpg,0,aigc_bench_ext,Real
corpora/aigc_bench_ext/images/Real/ood_0009673.jpg,0,aigc_bench_ext,Real
corpora/aigc_bench_ext/images/Real/ood_0009675.jpg,0,aigc_bench_ext,Real
corpora/aigc_bench_ext/images/Real/ood_0009677.jpg,0,aigc_bench_ext,Real
corpora/aigc_bench_ext/images/Real/ood_0009679.jpg,0,aigc_bench_ext,Real
corpora/aigc_bench_ext/images/Real/ood_0009681.jpg,0,aigc_bench_ext,Real
corpora/aigc_bench_ext/images/Real/ood_0009683.jpg,0,aigc_bench_ext,Real
corpora/aigc_bench_ext/images/Real/ood_0009685.jpg,0,aigc_bench_ext,Real
corpora/aigc_bench_ext/images/Real/ood_0009687.jpg,0,aigc_bench_ext,Real
corpora/aigc_bench_ext/images/Real/ood_0009689.jpg,0,aigc_bench_ext,Real
corpora/aigc_bench_ext/images/Real/ood_0009691.jpg,0,aigc_bench_ext,Real
corpora/aigc_bench_ext/images/Real/ood_0009693.jpg,0,aigc_bench_ext,Real
corpora/aigc_bench_ext/images/Real/ood_0009695.jpg,0,aigc_bench_ext,Real
corpora/aigc_bench_ext/images/Real/ood_0009697.jpg,0,aigc_bench_ext,Real
corpora/aigc_bench_ext/images/Real/ood_0009699.jpg,0,aigc_bench_ext,Real
corpora/aigc_bench_ext/images/Real/ood_0009701.jpg,0,aigc_bench_ext,Real
corpora/aigc_bench_ext/images/Real/ood_0009703.jpg,0,aigc_bench_ext,Real
corpora/aigc_bench_ext/images/Real/ood_0009705.jpg,0,aigc_bench_ext,Real
corpora/aigc_bench_ext/images/Real/ood_0009707.jpg,0,aigc_bench_ext,Real
corpora/aigc_bench_ext/images/Real/ood_0009709.jpg,0,aigc_bench_ext,Real
corpora/aigc_bench_ext/images/Real/ood_0009711.jpg,0,aigc_bench_ext,Real
corpora/aigc_bench_ext/images/Real/ood_0009713.jpg,0,aigc_bench_ext,Real
corpora/aigc_bench_ext/images/Real/ood_0009715.jpg,0,aigc_bench_ext,Real
corpora/aigc_bench_ext/images/Real/ood_0009717.jpg,0,aigc_bench_ext,Real
corpora/aigc_bench_ext/images/Real/ood_0009719.jpg,0,aigc_bench_ext,Real
corpora/aigc_bench_ext/images/Real/ood_0009721.jpg,0,aigc_bench_ext,Real
corpora/aigc_bench_ext/images/Real/ood_0009723.jpg,0,aigc_bench_ext,Real
corpora/aigc_bench_ext/images/Real/ood_0009725.jpg,0,aigc_bench_ext,Real
corpora/aigc_bench_ext/images/Real/ood_0009727.jpg,0,aigc_bench_ext,Real
corpora/aigc_bench_ext/images/Real/ood_0009729.jpg,0,aigc_bench_ext,Real
corpora/aigc_bench_ext/images/Real/ood_0009731.jpg,0,aigc_bench_ext,Real
corpora/aigc_bench_ext/images/Real/ood_0009733.jpg,0,aigc_bench_ext,Real
corpora/aigc_bench_ext/images/Real/ood_0009735.jpg,0,aigc_bench_ext,Real
corpora/aigc_bench_ext/images/Real/ood_0009737.jpg,0,aigc_bench_ext,Real
corpora/aigc_bench_ext/images/Real/ood_0009739.jpg,0,aigc_bench_ext,Real
corpora/aigc_bench_ext/images/Real/ood_0009741.jpg,0,aigc_bench_ext,Real
corpora/aigc_bench_ext/images/Real/ood_0009743.jpg,0,aigc_bench_ext,Real
corpora/aigc_bench_ext/images/Real/ood_0009745.jpg,0,aigc_bench_ext,Real
corpora/aigc_bench_ext/images/Real/ood_0009747.jpg,0,aigc_bench_ext,Real
corpora/aigc_bench_ext/images/Real/ood_0009749.jpg,0,aigc_bench_ext,Real
corpora/aigc_bench_ext/images/Real/ood_0009751.jpg,0,aigc_bench_ext,Real
corpora/aigc_bench_ext/images/Real/ood_0009753.jpg,0,aigc_bench_ext,Real
corpora/aigc_bench_ext/images/Real/ood_0009755.jpg,0,aigc_bench_ext,Real
corpora/aigc_bench_ext/images/Real/ood_0009757.jpg,0,aigc_bench_ext,Real
corpora/aigc_bench_ext/images/Real/ood_0009759.jpg,0,aigc_bench_ext,Real
corpora/aigc_bench_ext/images/Real/ood_0009761.jpg,0,aigc_bench_ext,Real
corpora/aigc_bench_ext/images/Real/ood_0009763.jpg,0,aigc_bench_ext,Real
corpora/aigc_bench_ext/images/Real/ood_0009765.jpg,0,aigc_bench_ext,Real
corpora/aigc_bench_ext/images/Real/ood_0009767.jpg,0,aigc_bench_ext,Real
corpora/aigc_bench_ext/images/Real/ood_0009769.jpg,0,aigc_bench_ext,Real
corpora/aigc_bench_ext/images/Real/ood_0009771.jpg,0,aigc_bench_ext,Real
corpora/aigc_bench_ext/images/Real/ood_0009773.jpg,0,aigc_bench_ext,Real
corpora/aigc_bench_ext/images/Real/ood_0009775.jpg,0,aigc_bench_ext,Real
corpora/aigc_bench_ext/images/Real/ood_0009777.jpg,0,aigc_bench_ext,Real
corpora/aigc_bench_ext/images/Real/ood_0009779.jpg,0,aigc_bench_ext,Real
corpora/aigc_bench_ext/images/Real/ood_0009781.jpg,0,aigc_bench_ext,Real
corpora/aigc_bench_ext/images/Real/ood_0009783.jpg,0,aigc_bench_ext,Real
corpora/aigc_bench_ext/images/Real/ood_0009785.jpg,0,aigc_bench_ext,Real
corpora/aigc_bench_ext/images/Real/ood_0009787.jpg,0,aigc_bench_ext,Real
corpora/aigc_bench_ext/images/Real/ood_0009789.jpg,0,aigc_bench_ext,Real
corpora/aigc_bench_ext/images/Real/ood_0009791.jpg,0,aigc_bench_ext,Real
corpora/aigc_bench_ext/images/Real/ood_0009793.jpg,0,aigc_bench_ext,Real
corpora/aigc_bench_ext/images/Real/ood_0009795.jpg,0,aigc_bench_ext,Real
corpora/aigc_bench_ext/images/Real/ood_0009797.jpg,0,aigc_bench_ext,Real
corpora/aigc_bench_ext/images/Real/ood_0009799.jpg,0,aigc_bench_ext,Real
corpora/aigc_bench_ext/images/Real/ood_0009801.jpg,0,aigc_bench_ext,Real
corpora/aigc_bench_ext/images/Real/ood_0009803.jpg,0,aigc_bench_ext,Real
corpora/aigc_bench_ext/images/Real/ood_0009805.jpg,0,aigc_bench_ext,Real
corpora/aigc_bench_ext/images/Real/ood_0009807.jpg,0,aigc_bench_ext,Real
corpora/aigc_bench_ext/images/Real/ood_0009809.jpg,0,aigc_bench_ext,Real
corpora/aigc_bench_ext/images/Real/ood_0009811.jpg,0,aigc_bench_ext,Real
corpora/aigc_bench_ext/images/Real/ood_0009813.jpg,0,aigc_bench_ext,Real
corpora/aigc_bench_ext/images/Real/ood_0009815.jpg,0,aigc_bench_ext,Real
corpora/aigc_bench_ext/images/Real/ood_0009817.jpg,0,aigc_bench_ext,Real
corpora/aigc_bench_ext/images/Real/ood_0009819.jpg,0,aigc_bench_ext,Real
corpora/aigc_bench_ext/images/Real/ood_0009821.jpg,0,aigc_bench_ext,Real
corpora/aigc_bench_ext/images/Real/ood_0009823.jpg,0,aigc_bench_ext,Real
corpora/aigc_bench_ext/images/Real/ood_0009825.jpg,0,aigc_bench_ext,Real
corpora/aigc_bench_ext/images/Real/ood_0009827.jpg,0,aigc_bench_ext,Real
corpora/aigc_bench_ext/images/Real/ood_0009829.jpg,0,aigc_bench_ext,Real
corpora/aigc_bench_ext/images/Real/ood_0009831.jpg,0,aigc_bench_ext,Real
corpora/aigc_bench_ext/images/Real/ood_0009833.jpg,0,aigc_bench_ext,Real
corpora/aigc_bench_ext/images/Real/ood_0009835.jpg,0,aigc_bench_ext,Real
corpora/aigc_bench_ext/images/Real/ood_0009837.jpg,0,aigc_bench_ext,Real
corpora/aigc_bench_ext/images/Real/ood_0009839.jpg,0,aigc_bench_ext,Real
corpora/aigc_bench_ext/images/Real/ood_0009841.jpg,0,aigc_bench_ext,Real
corpora/aigc_bench_ext/images/Real/ood_0009843.jpg,0,aigc_bench_ext,Real
corpora/aigc_bench_ext/images/Real/ood_0009845.jpg,0,aigc_bench_ext,Real
corpora/aigc_bench_ext/images/Real/ood_0009847.jpg,0,aigc_bench_ext,Real
corpora/aigc_bench_ext/images/Real/ood_0009849.jpg,0,aigc_bench_ext,Real
corpora/aigc_bench_ext/images/Real/ood_0009851.jpg,0,aigc_bench_ext,Real
corpora/aigc_bench_ext/images/Real/ood_0009853.jpg,0,aigc_bench_ext,Real
corpora/aigc_bench_ext/images/Real/ood_0009855.jpg,0,aigc_bench_ext,Real
corpora/aigc_bench_ext/images/Real/ood_0009857.jpg,0,aigc_bench_ext,Real
corpora/aigc_bench_ext/images/Real/ood_0009859.jpg,0,aigc_bench_ext,Real
corpora/aigc_bench_ext/images/Real/ood_0009861.jpg,0,aigc_bench_ext,Real
corpora/aigc_bench_ext/images/Real/ood_0009863.jpg,0,aigc_bench_ext,Real
corpora/aigc_bench_ext/images/Real/ood_0009865.jpg,0,aigc_bench_ext,Real
corpora/aigc_bench_ext/images/Real/ood_0009867.jpg,0,aigc_bench_ext,Real
corpora/aigc_bench_ext/images/Real/ood_0009869.jpg,0,aigc_bench_ext,Real
corpora/aigc_bench_ext/images/Real/ood_0009871.jpg,0,aigc_bench_ext,Real
corpora/aigc_bench_ext/images/Real/ood_0009873.jpg,0,aigc_bench_ext,Real
corpora/aigc_bench_ext/images/Real/ood_0009875.jpg,0,aigc_bench_ext,Real
corpora/aigc_bench_ext/images/Real/ood_0009877.jpg,0,aigc_bench_ext,Real
corpora/aigc_bench_ext/images/Real/ood_0009879.jpg,0,aigc_bench_ext,Real
corpora/aigc_bench_ext/images/Real/ood_0009881.jpg,0,aigc_bench_ext,Real
corpora/aigc_bench_ext/images/Real/ood_0009883.jpg,0,aigc_bench_ext,Real
corpora/aigc_bench_ext/images/Real/ood_0009885.jpg,0,aigc_bench_ext,Real
corpora/aigc_bench_ext/images/Real/ood_0009887.jpg,0,aigc_bench_ext,Real
corpora/aigc_bench_ext/images/Real/ood_0009889.jpg,0,aigc_bench_ext,Real
corpora/aigc_bench_ext/images/Real/ood_0009891.jpg,0,aigc_bench_ext,Real
corpora/aigc_bench_ext/images/Real/ood_0009893.jpg,0,aigc_bench_ext,Real
corpora/aigc_bench_ext/images/Real/ood_0009895.jpg,0,aigc_bench_ext,Real
corpora/aigc_bench_ext/images/Real/ood_0009897.jpg,0,aigc_bench_ext,Real
corpora/aigc_bench_ext/images/Real/ood_0009899.jpg,0,aigc_bench_ext,Real
corpora/aigc_bench_ext/images/Real/ood_0009901.jpg,0,aigc_bench_ext,Real
corpora/aigc_bench_ext/images/Real/ood_0009903.jpg,0,aigc_bench_ext,Real
corpora/aigc_bench_ext/images/Real/ood_0009905.jpg,0,aigc_bench_ext,Real
corpora/aigc_bench_ext/images/Real/ood_0009907.jpg,0,aigc_bench_ext,Real
corpora/aigc_bench_ext/images/Real/ood_0009909.jpg,0,aigc_bench_ext,Real
corpora/aigc_bench_ext/images/Real/ood_0009911.jpg,0,aigc_bench_ext,Real
corpora/aigc_bench_ext/images/Real/ood_0009913.jpg,0,aigc_bench_ext,Real
corpora/aigc_bench_ext/images/Real/ood_0009915.jpg,0,aigc_bench_ext,Real
corpora/aigc_bench_ext/images/Real/ood_0009917.jpg,0,aigc_bench_ext,Real
corpora/aigc_bench_ext/images/Real/ood_0009919.jpg,0,aigc_bench_ext,Real
corpora/aigc_bench_ext/images/Real/ood_0009921.jpg,0,aigc_bench_ext,Real
corpora/aigc_bench_ext/images/Real/ood_0009923.jpg,0,aigc_bench_ext,Real
corpora/aigc_bench_ext/images/Real/ood_0009925.jpg,0,aigc_bench_ext,Real
corpora/aigc_bench_ext/images/Real/ood_0009927.jpg,0,aigc_bench_ext,Real
corpora/aigc_bench_ext/images/Real/ood_0009929.jpg,0,aigc_bench_ext,Real
corpora/aigc_bench_ext/images/Real/ood_0009931.jpg,0,aigc_bench_ext,Real
corpora/aigc_bench_ext/images/Real/ood_0009933.jpg,0,aigc_bench_ext,Real
corpora/aigc_bench_ext/images/Real/ood_0009935.jpg,0,aigc_bench_ext,Real
corpora/aigc_bench_ext/images/Real/ood_0009937.jpg,0,aigc_bench_ext,Real
corpora/aigc_bench_ext/images/Real/ood_0009939.jpg,0,aigc_bench_ext,Real
corpora/aigc_bench_ext/images/Real/ood_0009941.jpg,0,aigc_bench_ext,Real
corpora/aigc_bench_ext/images/Real/ood_0009943.jpg,0,aigc_bench_ext,Real
corpora/aigc_bench_ext/images/Real/ood_0009945.jpg,0,aigc_bench_ext,Real
corpora/aigc_bench_ext/images/Real/ood_0009947.jpg,0,aigc_bench_ext,Real
corpora/aigc_bench_ext/images/Real/ood_0009949.jpg,0,aigc_bench_ext,Real
corpora/aigc_bench_ext/images/Real/ood_0009951.jpg,0,aigc_bench_ext,Real
corpora/aigc_bench_ext/images/Real/ood_0009953.jpg,0,aigc_bench_ext,Real
corpora/aigc_bench_ext/images/Real/ood_0009955.jpg,0,aigc_bench_ext,Real
corpora/aigc_bench_ext/images/Real/ood_0009957.jpg,0,aigc_bench_ext,Real
corpora/aigc_bench_ext/images/Real/ood_0009959.jpg,0,aigc_bench_ext,Real
corpora/aigc_bench_ext/images/Real/ood_0009961.jpg,0,aigc_bench_ext,Real
corpora/aigc_bench_ext/images/Real/ood_0009963.jpg,0,aigc_bench_ext,Real
corpora/aigc_bench_ext/images/Real/ood_0009965.jpg,0,aigc_bench_ext,Real
corpora/aigc_bench_ext/images/Real/ood_0009967.jpg,0,aigc_bench_ext,Real
corpora/aigc_bench_ext/images/Real/ood_0009969.jpg,0,aigc_bench_ext,Real
corpora/aigc_bench_ext/images/Real/ood_0009971.jpg,0,aigc_bench_ext,Real
corpora/aigc_bench_ext/images/Real/ood_0009973.jpg,0,aigc_bench_ext,Real
corpora/aigc_bench_ext/images/Real/ood_0009975.jpg,0,aigc_bench_ext,Real
corpora/aigc_bench_ext/images/Real/ood_0009977.jpg,0,aigc_bench_ext,Real
corpora/aigc_bench_ext/images/Real/ood_0009979.jpg,0,aigc_bench_ext,Real
corpora/aigc_bench_ext/images/Real/ood_0009981.jpg,0,aigc_bench_ext,Real
corpora/aigc_bench_ext/images/Real/ood_0009983.jpg,0,aigc_bench_ext,Real
corpora/aigc_bench_ext/images/Real/ood_0009985.jpg,0,aigc_bench_ext,Real
corpora/aigc_bench_ext/images/Real/ood_0009987.jpg,0,aigc_bench_ext,Real
corpora/aigc_bench_ext/images/Real/ood_0009989.jpg,0,aigc_bench_ext,Real
corpora/aigc_bench_ext/images/Real/ood_0009991.jpg,0,aigc_bench_ext,Real
corpora/aigc_bench_ext/images/Real/ood_0009993.jpg,0,aigc_bench_ext,Real
corpora/aigc_bench_ext/images/Real/ood_0009995.jpg,0,aigc_bench_ext,Real
corpora/aigc_bench_ext/images/Real/ood_0009997.jpg,0,aigc_bench_ext,Real
corpora/aigc_bench_ext/images/Real/ood_0009999.jpg,0,aigc_bench_ext,Real
corpora/aigc_bench_ext/images/Real/ood_0010001.jpg,0,aigc_bench_ext,Real
corpora/aigc_bench_ext/images/Real/ood_0010003.jpg,0,aigc_bench_ext,Real
corpora/aigc_bench_ext/images/Real/ood_0010005.jpg,0,aigc_bench_ext,Real
corpora/aigc_bench_ext/images/Real/ood_0010007.jpg,0,aigc_bench_ext,Real
corpora/aigc_bench_ext/images/Real/ood_0010009.jpg,0,aigc_bench_ext,Real
corpora/aigc_bench_ext/images/Real/ood_0010011.jpg,0,aigc_bench_ext,Real
corpora/aigc_bench_ext/images/Real/ood_0010013.jpg,0,aigc_bench_ext,Real
corpora/aigc_bench_ext/images/Real/ood_0010015.jpg,0,aigc_bench_ext,Real
corpora/aigc_bench_ext/images/Real/ood_0010017.jpg,0,aigc_bench_ext,Real
corpora/aigc_bench_ext/images/Real/ood_0010019.jpg,0,aigc_bench_ext,Real
corpora/aigc_bench_ext/images/Real/ood_0010021.jpg,0,aigc_bench_ext,Real
corpora/aigc_bench_ext/images/Real/ood_0010023.jpg,0,aigc_bench_ext,Real
corpora/aigc_bench_ext/images/Real/ood_0010025.jpg,0,aigc_bench_ext,Real
corpora/aigc_bench_ext/images/Real/ood_0010027.jpg,0,aigc_bench_ext,Real
corpora/aigc_bench_ext/images/Real/ood_0010029.jpg,0,aigc_bench_ext,Real
corpora/aigc_bench_ext/images/Real/ood_0010031.jpg,0,aigc_bench_ext,Real
corpora/aigc_bench_ext/images/Real/ood_0010033.jpg,0,aigc_bench_ext,Real
corpora/aigc_bench_ext/images/Real/ood_0010035.jpg,0,aigc_bench_ext,Real
corpora/aigc_bench_ext/images/Real/ood_0010037.jpg,0,aigc_bench_ext,Real
corpora/aigc_bench_ext/images/Real/ood_0010039.jpg,0,aigc_bench_ext,Real
corpora/aigc_bench_ext/images/Real/ood_0010041.jpg,0,aigc_bench_ext,Real
corpora/aigc_bench_ext/images/Real/ood_0010043.jpg,0,aigc_bench_ext,Real
corpora/aigc_bench_ext/images/Real/ood_0010045.jpg,0,aigc_bench_ext,Real
corpora/aigc_bench_ext/images/Real/ood_0010047.jpg,0,aigc_bench_ext,Real
corpora/aigc_bench_ext/images/Real/ood_0010049.jpg,0,aigc_bench_ext,Real
corpora/aigc_bench_ext/images/Real/ood_0010051.jpg,0,aigc_bench_ext,Real
corpora/aigc_bench_ext/images/Real/ood_0010053.jpg,0,aigc_bench_ext,Real
corpora/aigc_bench_ext/images/Real/ood_0010055.jpg,0,aigc_bench_ext,Real
corpora/aigc_bench_ext/images/Real/ood_0010057.jpg,0,aigc_bench_ext,Real
corpora/aigc_bench_ext/images/Real/ood_0010059.jpg,0,aigc_bench_ext,Real
corpora/aigc_bench_ext/images/Real/ood_0010061.jpg,0,aigc_bench_ext,Real
corpora/aigc_bench_ext/images/Real/ood_0010063.jpg,0,aigc_bench_ext,Real
corpora/aigc_bench_ext/images/Real/ood_0010065.jpg,0,aigc_bench_ext,Real
corpora/aigc_bench_ext/images/Real/ood_0010067.jpg,0,aigc_bench_ext,Real
corpora/aigc_bench_ext/images/Real/ood_0010069.jpg,0,aigc_bench_ext,Real
corpora/aigc_bench_ext/images/Real/ood_0010071.jpg,0,aigc_bench_ext,Real
corpora/aigc_bench_ext/images/Real/ood_0010073.jpg,0,aigc_bench_ext,Real
corpora/aigc_bench_ext/images/Real/ood_0010075.jpg,0,aigc_bench_ext,Real
corpora/aigc_bench_ext/images/Real/ood_0010077.jpg,0,aigc_bench_ext,Real
corpora/aigc_bench_ext/images/Real/ood_0010079.jpg,0,aigc_bench_ext,Real
corpora/aigc_bench_ext/images/Real/ood_0010081.jpg,0,aigc_bench_ext,Real
corpora/aigc_bench_ext/images/Real/ood_0010083.jpg,0,aigc_bench_ext,Real
corpora/aigc_bench_ext/images/Real/ood_0010085.jpg,0,aigc_bench_ext,Real
corpora/aigc_bench_ext/images/Real/ood_0010087.jpg,0,aigc_bench_ext,Real
corpora/aigc_bench_ext/images/Real/ood_0010089.jpg,0,aigc_bench_ext,Real
corpora/aigc_bench_ext/images/Real/ood_0010091.jpg,0,aigc_bench_ext,Real
corpora/aigc_bench_ext/images/Real/ood_0010093.jpg,0,aigc_bench_ext,Real
corpora/aigc_bench_ext/images/Real/ood_0010095.jpg,0,aigc_bench_ext,Real
corpora/aigc_bench_ext/images/Real/ood_0010097.jpg,0,aigc_bench_ext,Real
corpora/aigc_bench_ext/images/Real/ood_0010099.jpg,0,aigc_bench_ext,Real
corpora/aigc_bench_ext/images/Real/ood_0010101.jpg,0,aigc_bench_ext,Real
corpora/aigc_bench_ext/images/Real/ood_0010103.jpg,0,aigc_bench_ext,Real
corpora/aigc_bench_ext/images/Real/ood_0010105.jpg,0,aigc_bench_ext,Real
corpora/aigc_bench_ext/images/Real/ood_0010107.jpg,0,aigc_bench_ext,Real
corpora/aigc_bench_ext/images/Real/ood_0010109.jpg,0,aigc_bench_ext,Real
corpora/aigc_bench_ext/images/Real/ood_0010111.jpg,0,aigc_bench_ext,Real
corpora/aigc_bench_ext/images/Real/ood_0010113.jpg,0,aigc_bench_ext,Real
corpora/aigc_bench_ext/images/Real/ood_0010115.jpg,0,aigc_bench_ext,Real
corpora/aigc_bench_ext/images/Real/ood_0010117.jpg,0,aigc_bench_ext,Real
corpora/aigc_bench_ext/images/Real/ood_0010119.jpg,0,aigc_bench_ext,Real
corpora/aigc_bench_ext/images/Real/ood_0010121.jpg,0,aigc_bench_ext,Real
corpora/aigc_bench_ext/images/Real/ood_0010123.jpg,0,aigc_bench_ext,Real
corpora/aigc_bench_ext/images/Real/ood_0010125.jpg,0,aigc_bench_ext,Real
corpora/aigc_bench_ext/images/Real/ood_0010127.jpg,0,aigc_bench_ext,Real
corpora/aigc_bench_ext/images/Real/ood_0010129.jpg,0,aigc_bench_ext,Real
corpora/aigc_bench_ext/images/Real/ood_0010131.jpg,0,aigc_bench_ext,Real
corpora/aigc_bench_ext/images/Real/ood_0010133.jpg,0,aigc_bench_ext,Real
corpora/aigc_bench_ext/images/Real/ood_0010135.jpg,0,aigc_bench_ext,Real
corpora/aigc_bench_ext/images/Real/ood_0010137.jpg,0,aigc_bench_ext,Real
corpora/aigc_bench_ext/images/Real/ood_0010139.jpg,0,aigc_bench_ext,Real
corpora/aigc_bench_ext/images/Real/ood_0010141.jpg,0,aigc_bench_ext,Real
corpora/aigc_bench_ext/images/Real/ood_0010143.jpg,0,aigc_bench_ext,Real
corpora/aigc_bench_ext/images/Real/ood_0010145.jpg,0,aigc_bench_ext,Real
corpora/aigc_bench_ext/images/Real/ood_0010147.jpg,0,aigc_bench_ext,Real
corpora/aigc_bench_ext/images/Real/ood_0010149.jpg,0,aigc_bench_ext,Real
corpora/aigc_bench_ext/images/Real/ood_0010151.jpg,0,aigc_bench_ext,Real
corpora/aigc_bench_ext/images/Real/ood_0010153.jpg,0,aigc_bench_ext,Real
corpora/aigc_bench_ext/images/Real/ood_0010155.jpg,0,aigc_bench_ext,Real
corpora/aigc_bench_ext/images/Real/ood_0010157.jpg,0,aigc_bench_ext,Real
corpora/aigc_bench_ext/images/Real/ood_0010159.jpg,0,aigc_bench_ext,Real
corpora/aigc_bench_ext/images/Real/ood_0010161.jpg,0,aigc_bench_ext,Real
corpora/aigc_bench_ext/images/Real/ood_0010163.jpg,0,aigc_bench_ext,Real
corpora/aigc_bench_ext/images/Real/ood_0010165.jpg,0,aigc_bench_ext,Real
corpora/aigc_bench_ext/images/Real/ood_0010167.jpg,0,aigc_bench_ext,Real
corpora/aigc_bench_ext/images/Real/ood_0010169.jpg,0,aigc_bench_ext,Real
corpora/aigc_bench_ext/images/Real/ood_0010171.jpg,0,aigc_bench_ext,Real
corpora/aigc_bench_ext/images/Real/ood_0010173.jpg,0,aigc_bench_ext,Real
corpora/aigc_bench_ext/images/Real/ood_0010175.jpg,0,aigc_bench_ext,Real
corpora/aigc_bench_ext/images/Real/ood_0010177.jpg,0,aigc_bench_ext,Real
corpora/aigc_bench_ext/images/Real/ood_0010179.jpg,0,aigc_bench_ext,Real
corpora/aigc_bench_ext/images/Real/ood_0010181.jpg,0,aigc_bench_ext,Real
corpora/aigc_bench_ext/images/Real/ood_0010183.jpg,0,aigc_bench_ext,Real
corpora/aigc_bench_ext/images/Real/ood_0010185.jpg,0,aigc_bench_ext,Real
corpora/aigc_bench_ext/images/Real/ood_0010187.jpg,0,aigc_bench_ext,Real
corpora/aigc_bench_ext/images/Real/ood_0010189.jpg,0,aigc_bench_ext,Real
corpora/aigc_bench_ext/images/Real/ood_0010191.jpg,0,aigc_bench_ext,Real
corpora/aigc_bench_ext/images/Real/ood_0010193.jpg,0,aigc_bench_ext,Real
corpora/aigc_bench_ext/images/Real/ood_0010195.jpg,0,aigc_bench_ext,Real
corpora/aigc_bench_ext/images/Real/ood_0010197.jpg,0,aigc_bench_ext,Real
corpora/aigc_bench_ext/images/Real/ood_0010199.jpg,0,aigc_bench_ext,Real
corpora/aigc_bench_ext/images/Real/ood_0010201.jpg,0,aigc_bench_ext,Real
corpora/aigc_bench_ext/images/Real/ood_0010203.jpg,0,aigc_bench_ext,Real
corpora/aigc_bench_ext/images/Real/ood_0010205.jpg,0,aigc_bench_ext,Real
corpora/aigc_bench_ext/images/Real/ood_0010207.jpg,0,aigc_bench_ext,Real
corpora/aigc_bench_ext/images/Real/ood_0010209.jpg,0,aigc_bench_ext,Real
corpora/aigc_bench_ext/images/Real/ood_0010211.jpg,0,aigc_bench_ext,Real
corpora/aigc_bench_ext/images/Real/ood_0010213.jpg,0,aigc_bench_ext,Real
corpora/aigc_bench_ext/images/Real/ood_0010215.jpg,0,aigc_bench_ext,Real
corpora/aigc_bench_ext/images/Real/ood_0010217.jpg,0,aigc_bench_ext,Real
corpora/aigc_bench_ext/images/Real/ood_0010219.jpg,0,aigc_bench_ext,Real
corpora/aigc_bench_ext/images/Real/ood_0010221.jpg,0,aigc_bench_ext,Real
corpora/aigc_bench_ext/images/Real/ood_0010223.jpg,0,aigc_bench_ext,Real
corpora/aigc_bench_ext/images/Real/ood_0010225.jpg,0,aigc_bench_ext,Real
corpora/aigc_bench_ext/images/Real/ood_0010227.jpg,0,aigc_bench_ext,Real
corpora/aigc_bench_ext/images/Real/ood_0010229.jpg,0,aigc_bench_ext,Real
corpora/aigc_bench_ext/images/Real/ood_0010231.jpg,0,aigc_bench_ext,Real
corpora/aigc_bench_ext/images/Real/ood_0010233.jpg,0,aigc_bench_ext,Real
corpora/aigc_bench_ext/images/Real/ood_0010235.jpg,0,aigc_bench_ext,Real
corpora/aigc_bench_ext/images/Real/ood_0010237.jpg,0,aigc_bench_ext,Real
corpora/aigc_bench_ext/images/Real/ood_0010239.jpg,0,aigc_bench_ext,Real
corpora/aigc_bench_ext/images/Real/ood_0010241.jpg,0,aigc_bench_ext,Real
corpora/aigc_bench_ext/images/Real/ood_0010243.jpg,0,aigc_bench_ext,Real
corpora/aigc_bench_ext/images/Real/ood_0010245.jpg,0,aigc_bench_ext,Real
corpora/aigc_bench_ext/images/Real/ood_0010247.jpg,0,aigc_bench_ext,Real
corpora/aigc_bench_ext/images/Real/ood_0010249.jpg,0,aigc_bench_ext,Real
corpora/aigc_bench_ext/images/Real/ood_0010251.jpg,0,aigc_bench_ext,Real
corpora/aigc_bench_ext/images/Real/ood_0010253.jpg,0,aigc_bench_ext,Real
corpora/aigc_bench_ext/images/Real/ood_0010255.jpg,0,aigc_bench_ext,Real
corpora/aigc_bench_ext/images/Real/ood_0010257.jpg,0,aigc_bench_ext,Real
corpora/aigc_bench_ext/images/Real/ood_0010259.jpg,0,aigc_bench_ext,Real
corpora/aigc_bench_ext/images/Real/ood_0010261.jpg,0,aigc_bench_ext,Real
corpora/aigc_bench_ext/images/Real/ood_0010263.jpg,0,aigc_bench_ext,Real
corpora/aigc_bench_ext/images/Real/ood_0010265.jpg,0,aigc_bench_ext,Real
corpora/aigc_bench_ext/images/Real/ood_0010267.jpg,0,aigc_bench_ext,Real
corpora/aigc_bench_ext/images/Real/ood_0010269.jpg,0,aigc_bench_ext,Real
corpora/aigc_bench_ext/images/Real/ood_0010271.jpg,0,aigc_bench_ext,Real
corpora/aigc_bench_ext/images/Real/ood_0010273.jpg,0,aigc_bench_ext,Real
corpora/aigc_bench_ext/images/Real/ood_0010275.jpg,0,aigc_bench_ext,Real
corpora/aigc_bench_ext/images/Real/ood_0010277.jpg,0,aigc_bench_ext,Real
corpora/aigc_bench_ext/images/Real/ood_0010279.jpg,0,aigc_bench_ext,Real
corpora/aigc_bench_ext/images/Real/ood_0010281.jpg,0,aigc_bench_ext,Real
corpora/aigc_bench_ext/images/Real/ood_0010283.jpg,0,aigc_bench_ext,Real
corpora/aigc_bench_ext/images/Real/ood_0010285.jpg,0,aigc_bench_ext,Real
corpora/aigc_bench_ext/images/Real/ood_0010287.jpg,0,aigc_bench_ext,Real
corpora/aigc_bench_ext/images/Real/ood_0010289.jpg,0,aigc_bench_ext,Real
corpora/aigc_bench_ext/images/Real/ood_0010291.jpg,0,aigc_bench_ext,Real
corpora/aigc_bench_ext/images/Real/ood_0010293.jpg,0,aigc_bench_ext,Real
corpora/aigc_bench_ext/images/Real/ood_0010295.jpg,0,aigc_bench_ext,Real
corpora/aigc_bench_ext/images/Real/ood_0010297.jpg,0,aigc_bench_ext,Real
corpora/aigc_bench_ext/images/Real/ood_0010299.jpg,0,aigc_bench_ext,Real
corpora/aigc_bench_ext/images/Real/ood_0010301.jpg,0,aigc_bench_ext,Real
corpora/aigc_bench_ext/images/Real/ood_0010303.jpg,0,aigc_bench_ext,Real
corpora/aigc_bench_ext/images/Real/ood_0010305.jpg,0,aigc_bench_ext,Real
corpora/aigc_bench_ext/images/Real/ood_0010307.jpg,0,aigc_bench_ext,Real
corpora/aigc_bench_ext/images/Real/ood_0010309.jpg,0,aigc_bench_ext,Real
corpora/aigc_bench_ext/images/Real/ood_0010311.jpg,0,aigc_bench_ext,Real
corpora/aigc_bench_ext/images/Real/ood_0010313.jpg,0,aigc_bench_ext,Real
corpora/aigc_bench_ext/images/Real/ood_0010315.jpg,0,aigc_bench_ext,Real
corpora/aigc_bench_ext/images/Real/ood_0010317.jpg,0,aigc_bench_ext,Real
corpora/aigc_bench_ext/images/Real/ood_0010319.jpg,0,aigc_bench_ext,Real
corpora/aigc_bench_ext/images/Real/ood_0010321.jpg,0,aigc_bench_ext,Real
corpora/aigc_bench_ext/images/Real/ood_0010323.jpg,0,aigc_bench_ext,Real
corpora/aigc_bench_ext/images/Real/ood_0010325.jpg,0,aigc_bench_ext,Real
corpora/aigc_bench_ext/images/Real/ood_0010327.jpg,0,aigc_bench_ext,Real
corpora/aigc_bench_ext/images/Real/ood_0010329.jpg,0,aigc_bench_ext,Real
corpora/aigc_bench_ext/images/Real/ood_0010331.jpg,0,aigc_bench_ext,Real
corpora/aigc_bench_ext/images/Real/ood_0010333.jpg,0,aigc_bench_ext,Real
corpora/aigc_bench_ext/images/Real/ood_0010335.jpg,0,aigc_bench_ext,Real
corpora/aigc_bench_ext/images/Real/ood_0010337.jpg,0,aigc_bench_ext,Real
corpora/aigc_bench_ext/images/Real/ood_0010339.jpg,0,aigc_bench_ext,Real
corpora/aigc_bench_ext/images/Real/ood_0010341.jpg,0,aigc_bench_ext,Real
corpora/aigc_bench_ext/images/Real/ood_0010343.jpg,0,aigc_bench_ext,Real
corpora/aigc_bench_ext/images/Real/ood_0010345.jpg,0,aigc_bench_ext,Real
corpora/aigc_bench_ext/images/Real/ood_0010347.jpg,0,aigc_bench_ext,Real
corpora/aigc_bench_ext/images/Real/ood_0010349.jpg,0,aigc_bench_ext,Real
corpora/aigc_bench_ext/images/Real/ood_0010351.jpg,0,aigc_bench_ext,Real
corpora/aigc_bench_ext/images/Real/ood_0010353.jpg,0,aigc_bench_ext,Real
corpora/aigc_bench_ext/images/Real/ood_0010355.jpg,0,aigc_bench_ext,Real
corpora/aigc_bench_ext/images/Real/ood_0010357.jpg,0,aigc_bench_ext,Real
corpora/aigc_bench_ext/images/Real/ood_0010359.jpg,0,aigc_bench_ext,Real
corpora/aigc_bench_ext/images/Real/ood_0010361.jpg,0,aigc_bench_ext,Real
corpora/aigc_bench_ext/images/Real/ood_0010363.jpg,0,aigc_bench_ext,Real
corpora/aigc_bench_ext/images/Real/ood_0010365.jpg,0,aigc_bench_ext,Real
corpora/aigc_bench_ext/images/Real/ood_0010367.jpg,0,aigc_bench_ext,Real
corpora/aigc_bench_ext/images/Real/ood_0010369.jpg,0,aigc_bench_ext,Real
corpora/aigc_bench_ext/images/Real/ood_0010371.jpg,0,aigc_bench_ext,Real
corpora/aigc_bench_ext/images/Real/ood_0010373.jpg,0,aigc_bench_ext,Real
corpora/aigc_bench_ext/images/Real/ood_0010375.jpg,0,aigc_bench_ext,Real
corpora/aigc_bench_ext/images/Real/ood_0010377.jpg,0,aigc_bench_ext,Real
corpora/aigc_bench_ext/images/Real/ood_0010379.jpg,0,aigc_bench_ext,Real
corpora/aigc_bench_ext/images/Real/ood_0010381.jpg,0,aigc_bench_ext,Real
corpora/aigc_bench_ext/images/Real/ood_0010383.jpg,0,aigc_bench_ext,Real
corpora/aigc_bench_ext/images/Real/ood_0010385.jpg,0,aigc_bench_ext,Real
corpora/aigc_bench_ext/images/Real/ood_0010387.jpg,0,aigc_bench_ext,Real
corpora/aigc_bench_ext/images/Real/ood_0010389.jpg,0,aigc_bench_ext,Real
corpora/aigc_bench_ext/images/Real/ood_0010391.jpg,0,aigc_bench_ext,Real
corpora/aigc_bench_ext/images/Real/ood_0010393.jpg,0,aigc_bench_ext,Real
corpora/aigc_bench_ext/images/Real/ood_0010395.jpg,0,aigc_bench_ext,Real
corpora/aigc_bench_ext/images/Real/ood_0010397.jpg,0,aigc_bench_ext,Real
corpora/aigc_bench_ext/images/Real/ood_0010399.jpg,0,aigc_bench_ext,Real
corpora/aigc_bench_ext/images/Real/ood_0010401.jpg,0,aigc_bench_ext,Real
corpora/aigc_bench_ext/images/Real/ood_0010403.jpg,0,aigc_bench_ext,Real
corpora/aigc_bench_ext/images/Real/ood_0010405.jpg,0,aigc_bench_ext,Real
corpora/aigc_bench_ext/images/Real/ood_0010407.jpg,0,aigc_bench_ext,Real
corpora/aigc_bench_ext/images/Real/ood_0010409.jpg,0,aigc_bench_ext,Real
corpora/aigc_bench_ext/images/Real/ood_0010411.jpg,0,aigc_bench_ext,Real
corpora/aigc_bench_ext/images/Real/ood_0010413.jpg,0,aigc_bench_ext,Real
corpora/aigc_bench_ext/images/Real/ood_0010415.jpg,0,aigc_bench_ext,Real
corpora/aigc_bench_ext/images/Real/ood_0010417.jpg,0,aigc_bench_ext,Real
corpora/aigc_bench_ext/images/Real/ood_0010419.jpg,0,aigc_bench_ext,Real
corpora/aigc_bench_ext/images/Real/ood_0010421.jpg,0,aigc_bench_ext,Real
corpora/aigc_bench_ext/images/Real/ood_0010423.jpg,0,aigc_bench_ext,Real
corpora/aigc_bench_ext/images/Real/ood_0010425.jpg,0,aigc_bench_ext,Real
corpora/aigc_bench_ext/images/Real/ood_0010427.jpg,0,aigc_bench_ext,Real
corpora/aigc_bench_ext/images/Real/ood_0010429.jpg,0,aigc_bench_ext,Real
corpora/aigc_bench_ext/images/Real/ood_0010431.jpg,0,aigc_bench_ext,Real
corpora/aigc_bench_ext/images/Real/ood_0010433.jpg,0,aigc_bench_ext,Real
corpora/aigc_bench_ext/images/Real/ood_0010435.jpg,0,aigc_bench_ext,Real
corpora/aigc_bench_ext/images/Real/ood_0010437.jpg,0,aigc_bench_ext,Real
corpora/aigc_bench_ext/images/Real/ood_0010439.jpg,0,aigc_bench_ext,Real
corpora/aigc_bench_ext/images/Real/ood_0010441.jpg,0,aigc_bench_ext,Real
corpora/aigc_bench_ext/images/Real/ood_0010443.jpg,0,aigc_bench_ext,Real
corpora/aigc_bench_ext/images/Real/ood_0010445.jpg,0,aigc_bench_ext,Real
corpora/aigc_bench_ext/images/Real/ood_0010447.jpg,0,aigc_bench_ext,Real
corpora/aigc_bench_ext/images/Real/ood_0010449.jpg,0,aigc_bench_ext,Real
corpora/aigc_bench_ext/images/Real/ood_0010451.jpg,0,aigc_bench_ext,Real
corpora/aigc_bench_ext/images/Real/ood_0010453.jpg,0,aigc_bench_ext,Real
corpora/aigc_bench_ext/images/Real/ood_0010455.jpg,0,aigc_bench_ext,Real
corpora/aigc_bench_ext/images/Real/ood_0010457.jpg,0,aigc_bench_ext,Real
corpora/aigc_bench_ext/images/Real/ood_0010459.jpg,0,aigc_bench_ext,Real
corpora/aigc_bench_ext/images/Real/ood_0010461.jpg,0,aigc_bench_ext,Real
corpora/aigc_bench_ext/images/Real/ood_0010463.jpg,0,aigc_bench_ext,Real
corpora/aigc_bench_ext/images/Real/ood_0010465.jpg,0,aigc_bench_ext,Real
corpora/aigc_bench_ext/images/Real/ood_0010467.jpg,0,aigc_bench_ext,Real
corpora/aigc_bench_ext/images/Real/ood_0010469.jpg,0,aigc_bench_ext,Real
corpora/aigc_bench_ext/images/Real/ood_0010471.jpg,0,aigc_bench_ext,Real
corpora/aigc_bench_ext/images/Real/ood_0010473.jpg,0,aigc_bench_ext,Real
corpora/aigc_bench_ext/images/Real/ood_0010475.jpg,0,aigc_bench_ext,Real
corpora/aigc_bench_ext/images/Real/ood_0010477.jpg,0,aigc_bench_ext,Real
corpora/aigc_bench_ext/images/Real/ood_0010479.jpg,0,aigc_bench_ext,Real
corpora/aigc_bench_ext/images/Real/ood_0010481.jpg,0,aigc_bench_ext,Real
corpora/aigc_bench_ext/images/Real/ood_0010483.jpg,0,aigc_bench_ext,Real
corpora/aigc_bench_ext/images/Real/ood_0010485.jpg,0,aigc_bench_ext,Real
corpora/aigc_bench_ext/images/Real/ood_0010487.jpg,0,aigc_bench_ext,Real
corpora/aigc_bench_ext/images/Real/ood_0010489.jpg,0,aigc_bench_ext,Real
corpora/aigc_bench_ext/images/Real/ood_0010491.jpg,0,aigc_bench_ext,Real
corpora/aigc_bench_ext/images/Real/ood_0010493.jpg,0,aigc_bench_ext,Real
corpora/aigc_bench_ext/images/Real/ood_0010495.jpg,0,aigc_bench_ext,Real
corpora/aigc_bench_ext/images/Real/ood_0010497.jpg,0,aigc_bench_ext,Real
corpora/aigc_bench_ext/images/Real/ood_0010499.jpg,0,aigc_bench_ext,Real
corpora/aigc_bench_ext/images/Real/ood_0010501.jpg,0,aigc_bench_ext,Real
corpora/aigc_bench_ext/images/Real/ood_0010503.jpg,0,aigc_bench_ext,Real
corpora/aigc_bench_ext/images/Real/ood_0010505.jpg,0,aigc_bench_ext,Real
corpora/aigc_bench_ext/images/Real/ood_0010507.jpg,0,aigc_bench_ext,Real
corpora/aigc_bench_ext/images/Real/ood_0010509.jpg,0,aigc_bench_ext,Real
corpora/aigc_bench_ext/images/Real/ood_0010511.jpg,0,aigc_bench_ext,Real
corpora/aigc_bench_ext/images/Real/ood_0010513.jpg,0,aigc_bench_ext,Real
corpora/aigc_bench_ext/images/Real/ood_0010515.jpg,0,aigc_bench_ext,Real
corpora/aigc_bench_ext/images/Real/ood_0010517.jpg,0,aigc_bench_ext,Real
corpora/aigc_bench_ext/images/Real/ood_0010519.jpg,0,aigc_bench_ext,Real
corpora/aigc_bench_ext/images/Real/ood_0010521.jpg,0,aigc_bench_ext,Real
corpora/aigc_bench_ext/images/Real/ood_0010523.jpg,0,aigc_bench_ext,Real
corpora/aigc_bench_ext/images/Real/ood_0010525.jpg,0,aigc_bench_ext,Real
corpora/aigc_bench_ext/images/Real/ood_0010527.jpg,0,aigc_bench_ext,Real
corpora/aigc_bench_ext/images/Real/ood_0010529.jpg,0,aigc_bench_ext,Real
corpora/aigc_bench_ext/images/Real/ood_0010531.jpg,0,aigc_bench_ext,Real
corpora/aigc_bench_ext/images/Real/ood_0010533.jpg,0,aigc_bench_ext,Real
corpora/aigc_bench_ext/images/Real/ood_0010535.jpg,0,aigc_bench_ext,Real
corpora/aigc_bench_ext/images/Real/ood_0010537.jpg,0,aigc_bench_ext,Real
corpora/aigc_bench_ext/images/Real/ood_0010539.jpg,0,aigc_bench_ext,Real
corpora/aigc_bench_ext/images/Real/ood_0010541.jpg,0,aigc_bench_ext,Real
corpora/aigc_bench_ext/images/Real/ood_0010543.jpg,0,aigc_bench_ext,Real
corpora/aigc_bench_ext/images/Real/ood_0010545.jpg,0,aigc_bench_ext,Real
corpora/aigc_bench_ext/images/Real/ood_0010547.jpg,0,aigc_bench_ext,Real
corpora/aigc_bench_ext/images/Real/ood_0010549.jpg,0,aigc_bench_ext,Real
corpora/aigc_bench_ext/images/Real/ood_0010551.jpg,0,aigc_bench_ext,Real
corpora/aigc_bench_ext/images/Real/ood_0010553.jpg,0,aigc_bench_ext,Real
corpora/aigc_bench_ext/images/Real/ood_0010555.jpg,0,aigc_bench_ext,Real
corpora/aigc_bench_ext/images/Real/ood_0010557.jpg,0,aigc_bench_ext,Real
corpora/aigc_bench_ext/images/Real/ood_0010559.jpg,0,aigc_bench_ext,Real
corpora/aigc_bench_ext/images/Real/ood_0010561.jpg,0,aigc_bench_ext,Real
corpora/aigc_bench_ext/images/Real/ood_0010563.jpg,0,aigc_bench_ext,Real
corpora/aigc_bench_ext/images/Real/ood_0010565.jpg,0,aigc_bench_ext,Real
corpora/aigc_bench_ext/images/Real/ood_0010567.jpg,0,aigc_bench_ext,Real
corpora/aigc_bench_ext/images/Real/ood_0010569.jpg,0,aigc_bench_ext,Real
corpora/aigc_bench_ext/images/Real/ood_0010571.jpg,0,aigc_bench_ext,Real
corpora/aigc_bench_ext/images/Real/ood_0010573.jpg,0,aigc_bench_ext,Real
corpora/aigc_bench_ext/images/Real/ood_0010575.jpg,0,aigc_bench_ext,Real
corpora/aigc_bench_ext/images/Real/ood_0010577.jpg,0,aigc_bench_ext,Real
corpora/aigc_bench_ext/images/Real/ood_0010579.jpg,0,aigc_bench_ext,Real
corpora/aigc_bench_ext/images/Real/ood_0010581.jpg,0,aigc_bench_ext,Real
corpora/aigc_bench_ext/images/Real/ood_0010583.jpg,0,aigc_bench_ext,Real
corpora/aigc_bench_ext/images/Real/ood_0010585.jpg,0,aigc_bench_ext,Real
corpora/aigc_bench_ext/images/Real/ood_0010587.jpg,0,aigc_bench_ext,Real
corpora/aigc_bench_ext/images/Real/ood_0010589.jpg,0,aigc_bench_ext,Real
corpora/aigc_bench_ext/images/Real/ood_0010591.jpg,0,aigc_bench_ext,Real
corpora/aigc_bench_ext/images/Real/ood_0010593.jpg,0,aigc_bench_ext,Real
corpora/aigc_bench_ext/images/Real/ood_0010595.jpg,0,aigc_bench_ext,Real
corpora/aigc_bench_ext/images/Real/ood_0010597.jpg,0,aigc_bench_ext,Real
corpora/aigc_bench_ext/images/Real/ood_0010599.jpg,0,aigc_bench_ext,Real
corpora/aigc_bench_ext/images/Real/ood_0010601.jpg,0,aigc_bench_ext,Real
corpora/aigc_bench_ext/images/Real/ood_0010603.jpg,0,aigc_bench_ext,Real
corpora/aigc_bench_ext/images/Real/ood_0010605.jpg,0,aigc_bench_ext,Real
corpora/aigc_bench_ext/images/Real/ood_0010607.jpg,0,aigc_bench_ext,Real
corpora/aigc_bench_ext/images/Real/ood_0010609.jpg,0,aigc_bench_ext,Real
corpora/aigc_bench_ext/images/Real/ood_0010611.jpg,0,aigc_bench_ext,Real
corpora/aigc_bench_ext/images/Real/ood_0010613.jpg,0,aigc_bench_ext,Real
corpora/aigc_bench_ext/images/Real/ood_0010615.jpg,0,aigc_bench_ext,Real
corpora/aigc_bench_ext/images/Real/ood_0010617.jpg,0,aigc_bench_ext,Real
corpora/aigc_bench_ext/images/Real/ood_0010619.jpg,0,aigc_bench_ext,Real
corpora/aigc_bench_ext/images/Real/ood_0010621.jpg,0,aigc_bench_ext,Real
corpora/aigc_bench_ext/images/Real/ood_0010623.jpg,0,aigc_bench_ext,Real
corpora/aigc_bench_ext/images/Real/ood_0010625.jpg,0,aigc_bench_ext,Real
corpora/aigc_bench_ext/images/Real/ood_0010627.jpg,0,aigc_bench_ext,Real
corpora/aigc_bench_ext/images/Real/ood_0010629.jpg,0,aigc_bench_ext,Real
corpora/aigc_bench_ext/images/Real/ood_0010631.jpg,0,aigc_bench_ext,Real
corpora/aigc_bench_ext/images/Real/ood_0010633.jpg,0,aigc_bench_ext,Real
corpora/aigc_bench_ext/images/Real/ood_0010635.jpg,0,aigc_bench_ext,Real
corpora/aigc_bench_ext/images/Real/ood_0010637.jpg,0,aigc_bench_ext,Real
corpora/aigc_bench_ext/images/Real/ood_0010639.jpg,0,aigc_bench_ext,Real
corpora/aigc_bench_ext/images/Real/ood_0010641.jpg,0,aigc_bench_ext,Real
corpora/aigc_bench_ext/images/Real/ood_0010643.jpg,0,aigc_bench_ext,Real
corpora/aigc_bench_ext/images/Real/ood_0010645.jpg,0,aigc_bench_ext,Real
corpora/aigc_bench_ext/images/Real/ood_0010647.jpg,0,aigc_bench_ext,Real
corpora/aigc_bench_ext/images/Real/ood_0010649.jpg,0,aigc_bench_ext,Real
corpora/aigc_bench_ext/images/Real/ood_0010651.jpg,0,aigc_bench_ext,Real
corpora/aigc_bench_ext/images/Real/ood_0010653.jpg,0,aigc_bench_ext,Real
corpora/aigc_bench_ext/images/Real/ood_0010655.jpg,0,aigc_bench_ext,Real
corpora/aigc_bench_ext/images/Real/ood_0010657.jpg,0,aigc_bench_ext,Real
corpora/aigc_bench_ext/images/Real/ood_0010659.jpg,0,aigc_bench_ext,Real
corpora/aigc_bench_ext/images/Real/ood_0010661.jpg,0,aigc_bench_ext,Real
corpora/aigc_bench_ext/images/Real/ood_0010663.jpg,0,aigc_bench_ext,Real
corpora/aigc_bench_ext/images/Real/ood_0010665.jpg,0,aigc_bench_ext,Real
corpora/aigc_bench_ext/images/Real/ood_0010667.jpg,0,aigc_bench_ext,Real
corpora/aigc_bench_ext/images/Real/ood_0010669.jpg,0,aigc_bench_ext,Real
corpora/aigc_bench_ext/images/Real/ood_0010671.jpg,0,aigc_bench_ext,Real
corpora/aigc_bench_ext/images/Real/ood_0010673.jpg,0,aigc_bench_ext,Real
corpora/aigc_bench_ext/images/Real/ood_0010675.jpg,0,aigc_bench_ext,Real
corpora/aigc_bench_ext/images/Real/ood_0010677.jpg,0,aigc_bench_ext,Real
corpora/aigc_bench_ext/images/Real/ood_0010679.jpg,0,aigc_bench_ext,Real
corpora/aigc_bench_ext/images/Real/ood_0010681.jpg,0,aigc_bench_ext,Real
corpora/aigc_bench_ext/images/Real/ood_0010683.jpg,0,aigc_bench_ext,Real
corpora/aigc_bench_ext/images/Real/ood_0010685.jpg,0,aigc_bench_ext,Real
corpora/aigc_bench_ext/images/Real/ood_0010687.jpg,0,aigc_bench_ext,Real
corpora/aigc_bench_ext/images/Real/ood_0010689.jpg,0,aigc_bench_ext,Real
corpora/aigc_bench_ext/images/Real/ood_0010691.jpg,0,aigc_bench_ext,Real
corpora/aigc_bench_ext/images/Real/ood_0010693.jpg,0,aigc_bench_ext,Real
corpora/aigc_bench_ext/images/Real/ood_0010695.jpg,0,aigc_bench_ext,Real
corpora/aigc_bench_ext/images/Real/ood_0010697.jpg,0,aigc_bench_ext,Real
corpora/aigc_bench_ext/images/Real/ood_0010699.jpg,0,aigc_bench_ext,Real
corpora/aigc_bench_ext/images/Real/ood_0010701.jpg,0,aigc_bench_ext,Real
corpora/aigc_bench_ext/images/Real/ood_0010703.jpg,0,aigc_bench_ext,Real
corpora/aigc_bench_ext/images/Real/ood_0010705.jpg,0,aigc_bench_ext,Real
corpora/aigc_bench_ext/images/Real/ood_0010707.jpg,0,aigc_bench_ext,Real
corpora/aigc_bench_ext/images/Real/ood_0010709.jpg,0,aigc_bench_ext,Real
corpora/aigc_bench_ext/images/Real/ood_0010711.jpg,0,aigc_bench_ext,Real
corpora/aigc_bench_ext/images/Real/ood_0010713.jpg,0,aigc_bench_ext,Real
corpora/aigc_bench_ext/images/Real/ood_0010715.jpg,0,aigc_bench_ext,Real
corpora/aigc_bench_ext/images/Real/ood_0010717.jpg,0,aigc_bench_ext,Real
corpora/aigc_bench_ext/images/Real/ood_0010719.jpg,0,aigc_bench_ext,Real
corpora/aigc_bench_ext/images/Real/ood_0010721.jpg,0,aigc_bench_ext,Real
corpora/aigc_bench_ext/images/Real/ood_0010723.jpg,0,aigc_bench_ext,Real
corpora/aigc_bench_ext/images/Real/ood_0010725.jpg,0,aigc_bench_ext,Real
corpora/aigc_bench_ext/images/Real/ood_0010727.jpg,0,aigc_bench_ext,Real
corpora/aigc_bench_ext/images/Real/ood_0010729.jpg,0,aigc_bench_ext,Real
corpora/aigc_bench_ext/images/Real/ood_0010731.jpg,0,aigc_bench_ext,Real
corpora/aigc_bench_ext/images/Real/ood_0010733.jpg,0,aigc_bench_ext,Real
corpora/aigc_bench_ext/images/Real/ood_0010735.jpg,0,aigc_bench_ext,Real
corpora/aigc_bench_ext/images/Real/ood_0010737.jpg,0,aigc_bench_ext,Real
corpora/aigc_bench_ext/images/Real/ood_0010739.jpg,0,aigc_bench_ext,Real
corpora/aigc_bench_ext/images/Real/ood_0010741.jpg,0,aigc_bench_ext,Real
corpora/aigc_bench_ext/images/Real/ood_0010743.jpg,0,aigc_bench_ext,Real
corpora/aigc_bench_ext/images/Real/ood_0010745.jpg,0,aigc_bench_ext,Real
corpora/aigc_bench_ext/images/Real/ood_0010747.jpg,0,aigc_bench_ext,Real
corpora/aigc_bench_ext/images/Real/ood_0010749.jpg,0,aigc_bench_ext,Real
corpora/aigc_bench_ext/images/Real/ood_0010751.jpg,0,aigc_bench_ext,Real
corpora/aigc_bench_ext/images/Real/ood_0010753.jpg,0,aigc_bench_ext,Real
corpora/aigc_bench_ext/images/Real/ood_0010755.jpg,0,aigc_bench_ext,Real
corpora/aigc_bench_ext/images/Real/ood_0010757.jpg,0,aigc_bench_ext,Real
corpora/aigc_bench_ext/images/Real/ood_0010759.jpg,0,aigc_bench_ext,Real
corpora/aigc_bench_ext/images/Real/ood_0010761.jpg,0,aigc_bench_ext,Real
corpora/aigc_bench_ext/images/Real/ood_0010763.jpg,0,aigc_bench_ext,Real
corpora/aigc_bench_ext/images/Real/ood_0010765.jpg,0,aigc_bench_ext,Real
corpora/aigc_bench_ext/images/Real/ood_0010767.jpg,0,aigc_bench_ext,Real
corpora/aigc_bench_ext/images/Real/ood_0010769.jpg,0,aigc_bench_ext,Real
corpora/aigc_bench_ext/images/Real/ood_0010771.jpg,0,aigc_bench_ext,Real
corpora/aigc_bench_ext/images/Real/ood_0010773.jpg,0,aigc_bench_ext,Real
corpora/aigc_bench_ext/images/Real/ood_0010775.jpg,0,aigc_bench_ext,Real
corpora/aigc_bench_ext/images/Real/ood_0010777.jpg,0,aigc_bench_ext,Real
corpora/aigc_bench_ext/images/Real/ood_0010779.jpg,0,aigc_bench_ext,Real
corpora/aigc_bench_ext/images/Real/ood_0010781.jpg,0,aigc_bench_ext,Real
corpora/aigc_bench_ext/images/Real/ood_0010783.jpg,0,aigc_bench_ext,Real
corpora/aigc_bench_ext/images/Real/ood_0010785.jpg,0,aigc_bench_ext,Real
corpora/aigc_bench_ext/images/Real/ood_0010787.jpg,0,aigc_bench_ext,Real
corpora/aigc_bench_ext/images/Real/ood_0010789.jpg,0,aigc_bench_ext,Real
corpora/aigc_bench_ext/images/Real/ood_0010791.jpg,0,aigc_bench_ext,Real
corpora/aigc_bench_ext/images/Real/ood_0010793.jpg,0,aigc_bench_ext,Real
corpora/aigc_bench_ext/images/Real/ood_0010795.jpg,0,aigc_bench_ext,Real
corpora/aigc_bench_ext/images/Real/ood_0010797.jpg,0,aigc_bench_ext,Real
corpora/aigc_bench_ext/images/Real/ood_0010799.jpg,0,aigc_bench_ext,Real
corpora/aigc_bench_ext/images/Real/ood_0010801.jpg,0,aigc_bench_ext,Real
corpora/aigc_bench_ext/images/Real/ood_0010803.jpg,0,aigc_bench_ext,Real
corpora/aigc_bench_ext/images/Real/ood_0010805.jpg,0,aigc_bench_ext,Real
corpora/aigc_bench_ext/images/Real/ood_0010807.jpg,0,aigc_bench_ext,Real
corpora/aigc_bench_ext/images/Real/ood_0010809.jpg,0,aigc_bench_ext,Real
corpora/aigc_bench_ext/images/Real/ood_0010811.jpg,0,aigc_bench_ext,Real
corpora/aigc_bench_ext/images/Real/ood_0010813.jpg,0,aigc_bench_ext,Real
corpora/aigc_bench_ext/images/Real/ood_0010815.jpg,0,aigc_bench_ext,Real
corpora/aigc_bench_ext/images/Real/ood_0010817.jpg,0,aigc_bench_ext,Real
corpora/aigc_bench_ext/images/Real/ood_0010819.jpg,0,aigc_bench_ext,Real
corpora/aigc_bench_ext/images/Real/ood_0010821.jpg,0,aigc_bench_ext,Real
corpora/aigc_bench_ext/images/Real/ood_0010823.jpg,0,aigc_bench_ext,Real
corpora/aigc_bench_ext/images/Real/ood_0010825.jpg,0,aigc_bench_ext,Real
corpora/aigc_bench_ext/images/Real/ood_0010827.jpg,0,aigc_bench_ext,Real
corpora/aigc_bench_ext/images/Real/ood_0010829.jpg,0,aigc_bench_ext,Real
corpora/aigc_bench_ext/images/Real/ood_0010831.jpg,0,aigc_bench_ext,Real
corpora/aigc_bench_ext/images/Real/ood_0010833.jpg,0,aigc_bench_ext,Real
corpora/aigc_bench_ext/images/Real/ood_0010835.jpg,0,aigc_bench_ext,Real
corpora/aigc_bench_ext/images/Real/ood_0010837.jpg,0,aigc_bench_ext,Real
corpora/aigc_bench_ext/images/Real/ood_0010839.jpg,0,aigc_bench_ext,Real
corpora/aigc_bench_ext/images/Real/ood_0010841.jpg,0,aigc_bench_ext,Real
corpora/aigc_bench_ext/images/Real/ood_0010843.jpg,0,aigc_bench_ext,Real
corpora/aigc_bench_ext/images/Real/ood_0010845.jpg,0,aigc_bench_ext,Real
corpora/aigc_bench_ext/images/Real/ood_0010847.jpg,0,aigc_bench_ext,Real
corpora/aigc_bench_ext/images/Real/ood_0010849.jpg,0,aigc_bench_ext,Real
corpora/aigc_bench_ext/images/Real/ood_0010851.jpg,0,aigc_bench_ext,Real
corpora/aigc_bench_ext/images/Real/ood_0010853.jpg,0,aigc_bench_ext,Real
corpora/aigc_bench_ext/images/Real/ood_0010855.jpg,0,aigc_bench_ext,Real
corpora/aigc_bench_ext/images/Real/ood_0010857.jpg,0,aigc_bench_ext,Real
corpora/aigc_bench_ext/images/Real/ood_0010859.jpg,0,aigc_bench_ext,Real
corpora/aigc_bench_ext/images/Real/ood_0010861.jpg,0,aigc_bench_ext,Real
corpora/aigc_bench_ext/images/Real/ood_0010863.jpg,0,aigc_bench_ext,Real
corpora/aigc_bench_ext/images/Real/ood_0010865.jpg,0,aigc_bench_ext,Real
corpora/aigc_bench_ext/images/Real/ood_0010867.jpg,0,aigc_bench_ext,Real
corpora/aigc_bench_ext/images/Real/ood_0010869.jpg,0,aigc_bench_ext,Real
corpora/aigc_bench_ext/images/Real/ood_0010871.jpg,0,aigc_bench_ext,Real
corpora/aigc_bench_ext/images/Real/ood_0010873.jpg,0,aigc_bench_ext,Real
corpora/aigc_bench_ext/images/Real/ood_0010875.jpg,0,aigc_bench_ext,Real
corpora/aigc_bench_ext/images/Real/ood_0010877.jpg,0,aigc_bench_ext,Real
corpora/aigc_bench_ext/images/Real/ood_0010879.jpg,0,aigc_bench_ext,Real
corpora/aigc_bench_ext/images/Real/ood_0010881.jpg,0,aigc_bench_ext,Real
corpora/aigc_bench_ext/images/Real/ood_0010883.jpg,0,aigc_bench_ext,Real
corpora/aigc_bench_ext/images/Real/ood_0010885.jpg,0,aigc_bench_ext,Real
corpora/aigc_bench_ext/images/Real/ood_0010887.jpg,0,aigc_bench_ext,Real
corpora/aigc_bench_ext/images/Real/ood_0010889.jpg,0,aigc_bench_ext,Real
corpora/aigc_bench_ext/images/Real/ood_0010891.jpg,0,aigc_bench_ext,Real
corpora/aigc_bench_ext/images/Real/ood_0010893.jpg,0,aigc_bench_ext,Real
corpora/aigc_bench_ext/images/Real/ood_0010895.jpg,0,aigc_bench_ext,Real
corpora/aigc_bench_ext/images/Real/ood_0010897.jpg,0,aigc_bench_ext,Real
corpora/aigc_bench_ext/images/Real/ood_0010899.jpg,0,aigc_bench_ext,Real
corpora/aigc_bench_ext/images/Real/ood_0010901.jpg,0,aigc_bench_ext,Real
corpora/aigc_bench_ext/images/Real/ood_0010903.jpg,0,aigc_bench_ext,Real
corpora/aigc_bench_ext/images/Real/ood_0010905.jpg,0,aigc_bench_ext,Real
corpora/aigc_bench_ext/images/Real/ood_0010907.jpg,0,aigc_bench_ext,Real
corpora/aigc_bench_ext/images/Real/ood_0010909.jpg,0,aigc_bench_ext,Real
corpora/aigc_bench_ext/images/Real/ood_0010911.jpg,0,aigc_bench_ext,Real
corpora/aigc_bench_ext/images/Real/ood_0010913.jpg,0,aigc_bench_ext,Real
corpora/aigc_bench_ext/images/Real/ood_0010915.jpg,0,aigc_bench_ext,Real
corpora/aigc_bench_ext/images/Real/ood_0010917.jpg,0,aigc_bench_ext,Real
corpora/aigc_bench_ext/images/Real/ood_0010919.jpg,0,aigc_bench_ext,Real
corpora/aigc_bench_ext/images/Real/ood_0010921.jpg,0,aigc_bench_ext,Real
corpora/aigc_bench_ext/images/Real/ood_0010923.jpg,0,aigc_bench_ext,Real
corpora/aigc_bench_ext/images/Real/ood_0010925.jpg,0,aigc_bench_ext,Real
corpora/aigc_bench_ext/images/Real/ood_0010927.jpg,0,aigc_bench_ext,Real
corpora/aigc_bench_ext/images/Real/ood_0010929.jpg,0,aigc_bench_ext,Real
corpora/aigc_bench_ext/images/Real/ood_0010931.jpg,0,aigc_bench_ext,Real
corpora/aigc_bench_ext/images/Real/ood_0010933.jpg,0,aigc_bench_ext,Real
corpora/aigc_bench_ext/images/Real/ood_0010935.jpg,0,aigc_bench_ext,Real
corpora/aigc_bench_ext/images/Real/ood_0010937.jpg,0,aigc_bench_ext,Real
corpora/aigc_bench_ext/images/Real/ood_0010939.jpg,0,aigc_bench_ext,Real
corpora/aigc_bench_ext/images/Real/ood_0010941.jpg,0,aigc_bench_ext,Real
corpora/aigc_bench_ext/images/Real/ood_0010943.jpg,0,aigc_bench_ext,Real
corpora/aigc_bench_ext/images/Real/ood_0010945.jpg,0,aigc_bench_ext,Real
corpora/aigc_bench_ext/images/Real/ood_0010947.jpg,0,aigc_bench_ext,Real
corpora/aigc_bench_ext/images/Real/ood_0010949.jpg,0,aigc_bench_ext,Real
corpora/aigc_bench_ext/images/Real/ood_0010951.jpg,0,aigc_bench_ext,Real
corpora/aigc_bench_ext/images/Real/ood_0010953.jpg,0,aigc_bench_ext,Real
corpora/aigc_bench_ext/images/Real/ood_0010955.jpg,0,aigc_bench_ext,Real
corpora/aigc_bench_ext/images/Real/ood_0010957.jpg,0,aigc_bench_ext,Real
corpora/aigc_bench_ext/images/Real/ood_0010959.jpg,0,aigc_bench_ext,Real
corpora/aigc_bench_ext/images/Real/ood_0010961.jpg,0,aigc_bench_ext,Real
corpora/aigc_bench_ext/images/Real/ood_0010963.jpg,0,aigc_bench_ext,Real
corpora/aigc_bench_ext/images/Real/ood_0010965.jpg,0,aigc_bench_ext,Real
corpora/aigc_bench_ext/images/Real/ood_0010967.jpg,0,aigc_bench_ext,Real
corpora/aigc_bench_ext/images/Real/ood_0010969.jpg,0,aigc_bench_ext,Real
corpora/aigc_bench_ext/images/Real/ood_0010971.jpg,0,aigc_bench_ext,Real
corpora/aigc_bench_ext/images/Real/ood_0010973.jpg,0,aigc_bench_ext,Real
corpora/aigc_bench_ext/images/Real/ood_0010975.jpg,0,aigc_bench_ext,Real
corpora/aigc_bench_ext/images/Real/ood_0010977.jpg,0,aigc_bench_ext,Real
corpora/aigc_bench_ext/images/Real/ood_0010979.jpg,0,aigc_bench_ext,Real
corpora/aigc_bench_ext/images/Real/ood_0010981.jpg,0,aigc_bench_ext,Real
corpora/aigc_bench_ext/images/Real/ood_0010983.jpg,0,aigc_bench_ext,Real
corpora/aigc_bench_ext/images/Real/ood_0010985.jpg,0,aigc_bench_ext,Real
corpora/aigc_bench_ext/images/Real/ood_0010987.jpg,0,aigc_bench_ext,Real
corpora/aigc_bench_ext/images/Real/ood_0010989.jpg,0,aigc_bench_ext,Real
corpora/aigc_bench_ext/images/Real/ood_0010991.jpg,0,aigc_bench_ext,Real
corpora/aigc_bench_ext/images/Real/ood_0010993.jpg,0,aigc_bench_ext,Real
corpora/aigc_bench_ext/images/Real/ood_0010995.jpg,0,aigc_bench_ext,Real
corpora/aigc_bench_ext/images/Real/ood_0010997.jpg,0,aigc_bench_ext,Real
corpora/aigc_bench_ext/images/Real/ood_0010999.jpg,0,aigc_bench_ext,Real
corpora/aigc_bench_ext/images/Real/ood_0011001.jpg,0,aigc_bench_ext,Real
corpora/aigc_bench_ext/images/Real/ood_0011003.jpg,0,aigc_bench_ext,Real
corpora/aigc_bench_ext/images/Real/ood_0011005.jpg,0,aigc_bench_ext,Real
corpora/aigc_bench_ext/images/Real/ood_0011007.jpg,0,aigc_bench_ext,Real
corpora/aigc_bench_ext/images/Real/ood_0011009.jpg,0,aigc_bench_ext,Real
corpora/aigc_bench_ext/images/Real/ood_0011011.jpg,0,aigc_bench_ext,Real
corpora/aigc_bench_ext/images/Real/ood_0011013.jpg,0,aigc_bench_ext,Real
corpora/aigc_bench_ext/images/Real/ood_0011015.jpg,0,aigc_bench_ext,Real
corpora/aigc_bench_ext/images/Real/ood_0011017.jpg,0,aigc_bench_ext,Real
corpora/aigc_bench_ext/images/Real/ood_0011019.jpg,0,aigc_bench_ext,Real
corpora/aigc_bench_ext/images/Real/ood_0011021.jpg,0,aigc_bench_ext,Real
corpora/aigc_bench_ext/images/Real/ood_0011023.jpg,0,aigc_bench_ext,Real
corpora/aigc_bench_ext/images/Real/ood_0011025.jpg,0,aigc_bench_ext,Real
corpora/aigc_bench_ext/images/Real/ood_0011027.jpg,0,aigc_bench_ext,Real
corpora/aigc_bench_ext/images/Real/ood_0011029.jpg,0,aigc_bench_ext,Real
corpora/aigc_bench_ext/images/Real/ood_0011031.jpg,0,aigc_bench_ext,Real
corpora/aigc_bench_ext/images/Real/ood_0011033.jpg,0,aigc_bench_ext,Real
corpora/aigc_bench_ext/images/Real/ood_0011035.jpg,0,aigc_bench_ext,Real
corpora/aigc_bench_ext/images/Real/ood_0011037.jpg,0,aigc_bench_ext,Real
corpora/aigc_bench_ext/images/Real/ood_0011039.jpg,0,aigc_bench_ext,Real
corpora/aigc_bench_ext/images/Real/ood_0011041.jpg,0,aigc_bench_ext,Real
corpora/aigc_bench_ext/images/Real/ood_0011043.jpg,0,aigc_bench_ext,Real
corpora/aigc_bench_ext/images/Real/ood_0011045.jpg,0,aigc_bench_ext,Real
corpora/aigc_bench_ext/images/Real/ood_0011047.jpg,0,aigc_bench_ext,Real
corpora/aigc_bench_ext/images/Real/ood_0011049.jpg,0,aigc_bench_ext,Real
corpora/aigc_bench_ext/images/Real/ood_0011051.jpg,0,aigc_bench_ext,Real
corpora/aigc_bench_ext/images/Real/ood_0011053.jpg,0,aigc_bench_ext,Real
corpora/aigc_bench_ext/images/Real/ood_0011055.jpg,0,aigc_bench_ext,Real
corpora/aigc_bench_ext/images/Real/ood_0011057.jpg,0,aigc_bench_ext,Real
corpora/aigc_bench_ext/images/Real/ood_0011059.jpg,0,aigc_bench_ext,Real
corpora/aigc_bench_ext/images/Real/ood_0011061.jpg,0,aigc_bench_ext,Real
corpora/aigc_bench_ext/images/Real/ood_0011063.jpg,0,aigc_bench_ext,Real
corpora/aigc_bench_ext/images/Real/ood_0011065.jpg,0,aigc_bench_ext,Real
corpora/aigc_bench_ext/images/Real/ood_0011067.jpg,0,aigc_bench_ext,Real
corpora/aigc_bench_ext/images/Real/ood_0011069.jpg,0,aigc_bench_ext,Real
corpora/aigc_bench_ext/images/Real/ood_0011071.jpg,0,aigc_bench_ext,Real
corpora/aigc_bench_ext/images/Real/ood_0011073.jpg,0,aigc_bench_ext,Real
corpora/aigc_bench_ext/images/Real/ood_0011075.jpg,0,aigc_bench_ext,Real
corpora/aigc_bench_ext/images/Real/ood_0011077.jpg,0,aigc_bench_ext,Real
corpora/aigc_bench_ext/images/Real/ood_0011079.jpg,0,aigc_bench_ext,Real
corpora/aigc_bench_ext/images/Real/ood_0011081.jpg,0,aigc_bench_ext,Real
corpora/aigc_bench_ext/images/Real/ood_0011083.jpg,0,aigc_bench_ext,Real
corpora/aigc_bench_ext/images/Real/ood_0011085.jpg,0,aigc_bench_ext,Real
corpora/aigc_bench_ext/images/Real/ood_0011087.jpg,0,aigc_bench_ext,Real
corpora/aigc_bench_ext/images/Real/ood_0011089.jpg,0,aigc_bench_ext,Real
corpora/aigc_bench_ext/images/Real/ood_0011091.jpg,0,aigc_bench_ext,Real
corpora/aigc_bench_ext/images/Real/ood_0011093.jpg,0,aigc_bench_ext,Real
corpora/aigc_bench_ext/images/Real/ood_0011095.jpg,0,aigc_bench_ext,Real
corpora/aigc_bench_ext/images/Real/ood_0011097.jpg,0,aigc_bench_ext,Real
corpora/aigc_bench_ext/images/Real/ood_0011099.jpg,0,aigc_bench_ext,Real
corpora/aigc_bench_ext/images/Real/ood_0011101.jpg,0,aigc_bench_ext,Real
corpora/aigc_bench_ext/images/Real/ood_0011103.jpg,0,aigc_bench_ext,Real
corpora/aigc_bench_ext/images/Real/ood_0011105.jpg,0,aigc_bench_ext,Real
corpora/aigc_bench_ext/images/Real/ood_0011107.jpg,0,aigc_bench_ext,Real
corpora/aigc_bench_ext/images/Real/ood_0011109.jpg,0,aigc_bench_ext,Real
corpora/aigc_bench_ext/images/Real/ood_0011111.jpg,0,aigc_bench_ext,Real
corpora/aigc_bench_ext/images/Real/ood_0011113.jpg,0,aigc_bench_ext,Real
corpora/aigc_bench_ext/images/Real/ood_0011115.jpg,0,aigc_bench_ext,Real
corpora/aigc_bench_ext/images/Real/ood_0011117.jpg,0,aigc_bench_ext,Real
corpora/aigc_bench_ext/images/Real/ood_0011119.jpg,0,aigc_bench_ext,Real
corpora/aigc_bench_ext/images/Real/ood_0011121.jpg,0,aigc_bench_ext,Real
corpora/aigc_bench_ext/images/Real/ood_0011123.jpg,0,aigc_bench_ext,Real
corpora/aigc_bench_ext/images/Real/ood_0011125.jpg,0,aigc_bench_ext,Real
corpora/aigc_bench_ext/images/Real/ood_0011127.jpg,0,aigc_bench_ext,Real
corpora/aigc_bench_ext/images/Real/ood_0011129.jpg,0,aigc_bench_ext,Real
corpora/aigc_bench_ext/images/Real/ood_0011131.jpg,0,aigc_bench_ext,Real
corpora/aigc_bench_ext/images/Real/ood_0011133.jpg,0,aigc_bench_ext,Real
corpora/aigc_bench_ext/images/Real/ood_0011135.jpg,0,aigc_bench_ext,Real
corpora/aigc_bench_ext/images/Real/ood_0011137.jpg,0,aigc_bench_ext,Real
corpora/aigc_bench_ext/images/Real/ood_0011139.jpg,0,aigc_bench_ext,Real
corpora/aigc_bench_ext/images/Real/ood_0011141.jpg,0,aigc_bench_ext,Real
corpora/aigc_bench_ext/images/Real/ood_0011143.jpg,0,aigc_bench_ext,Real
corpora/aigc_bench_ext/images/Real/ood_0011145.jpg,0,aigc_bench_ext,Real
corpora/aigc_bench_ext/images/Real/ood_0011147.jpg,0,aigc_bench_ext,Real
corpora/aigc_bench_ext/images/Real/ood_0011149.jpg,0,aigc_bench_ext,Real
corpora/aigc_bench_ext/images/Real/ood_0011151.jpg,0,aigc_bench_ext,Real
corpora/aigc_bench_ext/images/Real/ood_0011153.jpg,0,aigc_bench_ext,Real
corpora/aigc_bench_ext/images/Real/ood_0011155.jpg,0,aigc_bench_ext,Real
corpora/aigc_bench_ext/images/Real/ood_0011157.jpg,0,aigc_bench_ext,Real
corpora/aigc_bench_ext/images/Real/ood_0011159.jpg,0,aigc_bench_ext,Real
corpora/aigc_bench_ext/images/Real/ood_0011161.jpg,0,aigc_bench_ext,Real
corpora/aigc_bench_ext/images/Real/ood_0011163.jpg,0,aigc_bench_ext,Real
corpora/aigc_bench_ext/images/Real/ood_0011165.jpg,0,aigc_bench_ext,Real
corpora/aigc_bench_ext/images/Real/ood_0011167.jpg,0,aigc_bench_ext,Real
corpora/aigc_bench_ext/images/Real/ood_0011169.jpg,0,aigc_bench_ext,Real
corpora/aigc_bench_ext/images/Real/ood_0011171.jpg,0,aigc_bench_ext,Real
corpora/aigc_bench_ext/images/Real/ood_0011173.jpg,0,aigc_bench_ext,Real
corpora/aigc_bench_ext/images/Real/ood_0011175.jpg,0,aigc_bench_ext,Real
corpora/aigc_bench_ext/images/Real/ood_0011177.jpg,0,aigc_bench_ext,Real
corpora/aigc_bench_ext/images/Real/ood_0011179.jpg,0,aigc_bench_ext,Real
corpora/aigc_bench_ext/images/Real/ood_0011181.jpg,0,aigc_bench_ext,Real
corpora/aigc_bench_ext/images/Real/ood_0011183.jpg,0,aigc_bench_ext,Real
corpora/aigc_bench_ext/images/Real/ood_0011185.jpg,0,aigc_bench_ext,Real
corpora/aigc_bench_ext/images/Real/ood_0011187.jpg,0,aigc_bench_ext,Real
corpora/aigc_bench_ext/images/Real/ood_0011189.jpg,0,aigc_bench_ext,Real
corpora/aigc_bench_ext/images/Real/ood_0011191.jpg,0,aigc_bench_ext,Real
corpora/aigc_bench_ext/images/Real/ood_0011193.jpg,0,aigc_bench_ext,Real
corpora/aigc_bench_ext/images/Real/ood_0011195.jpg,0,aigc_bench_ext,Real
corpora/aigc_bench_ext/images/Real/ood_0011197.jpg,0,aigc_bench_ext,Real
corpora/aigc_bench_ext/images/Real/ood_0011199.jpg,0,aigc_bench_ext,Real
corpora/aigc_bench_ext/images/Real/ood_0011201.jpg,0,aigc_bench_ext,Real
corpora/aigc_bench_ext/images/Real/ood_0011203.jpg,0,aigc_bench_ext,Real
corpora/aigc_bench_ext/images/Real/ood_0011205.jpg,0,aigc_bench_ext,Real
corpora/aigc_bench_ext/images/Real/ood_0011207.jpg,0,aigc_bench_ext,Real
corpora/aigc_bench_ext/images/Real/ood_0011209.jpg,0,aigc_bench_ext,Real
corpora/aigc_bench_ext/images/Real/ood_0011211.jpg,0,aigc_bench_ext,Real
corpora/aigc_bench_ext/images/Real/ood_0011213.jpg,0,aigc_bench_ext,Real
corpora/aigc_bench_ext/images/Real/ood_0011215.jpg,0,aigc_bench_ext,Real
corpora/aigc_bench_ext/images/Real/ood_0011217.jpg,0,aigc_bench_ext,Real
corpora/aigc_bench_ext/images/Real/ood_0011219.jpg,0,aigc_bench_ext,Real
corpora/aigc_bench_ext/images/Real/ood_0011221.jpg,0,aigc_bench_ext,Real
corpora/aigc_bench_ext/images/Real/ood_0011223.jpg,0,aigc_bench_ext,Real
corpora/aigc_bench_ext/images/Real/ood_0011225.jpg,0,aigc_bench_ext,Real
corpora/aigc_bench_ext/images/Real/ood_0011227.jpg,0,aigc_bench_ext,Real
corpora/aigc_bench_ext/images/Real/ood_0011229.jpg,0,aigc_bench_ext,Real
corpora/aigc_bench_ext/images/Real/ood_0011231.jpg,0,aigc_bench_ext,Real
corpora/aigc_bench_ext/images/Real/ood_0011233.jpg,0,aigc_bench_ext,Real
corpora/aigc_bench_ext/images/Real/ood_0011235.jpg,0,aigc_bench_ext,Real
corpora/aigc_bench_ext/images/Real/ood_0011237.jpg,0,aigc_bench_ext,Real
corpora/aigc_bench_ext/images/Real/ood_0011239.jpg,0,aigc_bench_ext,Real
corpora/aigc_bench_ext/images/Real/ood_0011241.jpg,0,aigc_bench_ext,Real
corpora/aigc_bench_ext/images/Real/ood_0011243.jpg,0,aigc_bench_ext,Real
corpora/aigc_bench_ext/images/Real/ood_0011245.jpg,0,aigc_bench_ext,Real
corpora/aigc_bench_ext/images/Real/ood_0011247.jpg,0,aigc_bench_ext,Real
corpora/aigc_bench_ext/images/Real/ood_0011249.jpg,0,aigc_bench_ext,Real
corpora/aigc_bench_ext/images/Real/ood_0011251.jpg,0,aigc_bench_ext,Real
corpora/aigc_bench_ext/images/Real/ood_0011253.jpg,0,aigc_bench_ext,Real
corpora/aigc_bench_ext/images/Real/ood_0011255.jpg,0,aigc_bench_ext,Real
corpora/aigc_bench_ext/images/Real/ood_0011257.jpg,0,aigc_bench_ext,Real
corpora/aigc_bench_ext/images/Real/ood_0011259.jpg,0,aigc_bench_ext,Real
corpora/aigc_bench_ext/images/Real/ood_0011261.jpg,0,aigc_bench_ext,Real
corpora/aigc_bench_ext/images/Real/ood_0011263.jpg,0,aigc_bench_ext,Real
corpora/aigc_bench_ext/images/Real/ood_0011265.jpg,0,aigc_bench_ext,Real
corpora/aigc_bench_ext/images/Real/ood_0011267.jpg,0,aigc_bench_ext,Real
corpora/aigc_bench_ext/images/Real/ood_0011269.jpg,0,aigc_bench_ext,Real
corpora/aigc_bench_ext/images/Real/ood_0011271.jpg,0,aigc_bench_ext,Real
corpora/aigc_bench_ext/images/Real/ood_0011273.jpg,0,aigc_bench_ext,Real
corpora/aigc_bench_ext/images/Real/ood_0011275.jpg,0,aigc_bench_ext,Real
corpora/aigc_bench_ext/images/Real/ood_0011277.jpg,0,aigc_bench_ext,Real
corpora/aigc_bench_ext/images/Real/ood_0011279.jpg,0,aigc_bench_ext,Real
corpora/aigc_bench_ext/images/Real/ood_0011281.jpg,0,aigc_bench_ext,Real
corpora/aigc_bench_ext/images/Real/ood_0011283.jpg,0,aigc_bench_ext,Real
corpora/aigc_bench_ext/images/Real/ood_0011285.jpg,0,aigc_bench_ext,Real
corpora/aigc_bench_ext/images/Real/ood_0011287.jpg,0,aigc_bench_ext,Real
corpora/aigc_bench_ext/images/Real/ood_0011289.jpg,0,aigc_bench_ext,Real
corpora/aigc_bench_ext/images/Real/ood_0011291.jpg,0,aigc_bench_ext,Real
corpora/aigc_bench_ext/images/Real/ood_0011293.jpg,0,aigc_bench_ext,Real
corpora/aigc_bench_ext/images/Real/ood_0011295.jpg,0,aigc_bench_ext,Real
corpora/aigc_bench_ext/images/Real/ood_0011297.jpg,0,aigc_bench_ext,Real
corpora/aigc_bench_ext/images/Real/ood_0011299.jpg,0,aigc_bench_ext,Real
corpora/aigc_bench_ext/images/Real/ood_0011301.jpg,0,aigc_bench_ext,Real
corpora/aigc_bench_ext/images/Real/ood_0011303.jpg,0,aigc_bench_ext,Real
corpora/aigc_bench_ext/images/Real/ood_0011305.jpg,0,aigc_bench_ext,Real
corpora/aigc_bench_ext/images/Real/ood_0011307.jpg,0,aigc_bench_ext,Real
corpora/aigc_bench_ext/images/Real/ood_0011309.jpg,0,aigc_bench_ext,Real
corpora/aigc_bench_ext/images/Real/ood_0011311.jpg,0,aigc_bench_ext,Real
corpora/aigc_bench_ext/images/Real/ood_0011313.jpg,0,aigc_bench_ext,Real
corpora/aigc_bench_ext/images/Real/ood_0011315.jpg,0,aigc_bench_ext,Real
corpora/aigc_bench_ext/images/Real/ood_0011317.jpg,0,aigc_bench_ext,Real
corpora/aigc_bench_ext/images/Real/ood_0011319.jpg,0,aigc_bench_ext,Real
corpora/aigc_bench_ext/images/Real/ood_0011321.jpg,0,aigc_bench_ext,Real
corpora/aigc_bench_ext/images/Real/ood_0011323.jpg,0,aigc_bench_ext,Real
corpora/aigc_bench_ext/images/Real/ood_0011325.jpg,0,aigc_bench_ext,Real
corpora/aigc_bench_ext/images/Real/ood_0011327.jpg,0,aigc_bench_ext,Real
corpora/aigc_bench_ext/images/Real/ood_0011329.jpg,0,aigc_bench_ext,Real
corpora/aigc_bench_ext/images/Real/ood_0011331.jpg,0,aigc_bench_ext,Real
corpora/aigc_bench_ext/images/Real/ood_0011333.jpg,0,aigc_bench_ext,Real
corpora/aigc_bench_ext/images/Real/ood_0011335.jpg,0,aigc_bench_ext,Real
corpora/aigc_bench_ext/images/Real/ood_0011337.jpg,0,aigc_bench_ext,Real
corpora/aigc_bench_ext/images/Real/ood_0011339.jpg,0,aigc_bench_ext,Real
corpora/aigc_bench_ext/images/Real/ood_0011341.jpg,0,aigc_bench_ext,Real
corpora/aigc_bench_ext/images/Real/ood_0011343.jpg,0,aigc_bench_ext,Real
corpora/aigc_bench_ext/images/Real/ood_0011345.jpg,0,aigc_bench_ext,Real
corpora/aigc_bench_ext/images/Real/ood_0011347.jpg,0,aigc_bench_ext,Real
corpora/aigc_bench_ext/images/Real/ood_0011349.jpg,0,aigc_bench_ext,Real
corpora/aigc_bench_ext/images/Real/ood_0011351.jpg,0,aigc_bench_ext,Real
corpora/aigc_bench_ext/images/Real/ood_0011353.jpg,0,aigc_bench_ext,Real
corpora/aigc_bench_ext/images/Real/ood_0011355.jpg,0,aigc_bench_ext,Real
corpora/aigc_bench_ext/images/Real/ood_0011357.jpg,0,aigc_bench_ext,Real
corpora/aigc_bench_ext/images/Real/ood_0011359.jpg,0,aigc_bench_ext,Real
corpora/aigc_bench_ext/images/Real/ood_0011361.jpg,0,aigc_bench_ext,Real
corpora/aigc_bench_ext/images/Real/ood_0011363.jpg,0,aigc_bench_ext,Real
corpora/aigc_bench_ext/images/Real/ood_0011365.jpg,0,aigc_bench_ext,Real
corpora/aigc_bench_ext/images/Real/ood_0011367.jpg,0,aigc_bench_ext,Real
corpora/aigc_bench_ext/images/Real/ood_0011369.jpg,0,aigc_bench_ext,Real
corpora/aigc_bench_ext/images/Real/ood_0011371.jpg,0,aigc_bench_ext,Real
corpora/aigc_bench_ext/images/Real/ood_0011373.jpg,0,aigc_bench_ext,Real
corpora/aigc_bench_ext/images/Real/ood_0011375.jpg,0,aigc_bench_ext,Real
corpora/aigc_bench_ext/images/Real/ood_0011377.jpg,0,aigc_bench_ext,Real
corpora/aigc_bench_ext/images/Real/ood_0011379.jpg,0,aigc_bench_ext,Real
corpora/aigc_bench_ext/images/Real/ood_0011381.jpg,0,aigc_bench_ext,Real
corpora/aigc_bench_ext/images/Real/ood_0011383.jpg,0,aigc_bench_ext,Real
corpora/aigc_bench_ext/images/Real/ood_0011385.jpg,0,aigc_bench_ext,Real
corpora/aigc_bench_ext/images/Real/ood_0011387.jpg,0,aigc_bench_ext,Real
corpora/aigc_bench_ext/images/Real/ood_0011389.jpg,0,aigc_bench_ext,Real
corpora/aigc_bench_ext/images/Real/ood_0011391.jpg,0,aigc_bench_ext,Real
corpora/aigc_bench_ext/images/Real/ood_0011393.jpg,0,aigc_bench_ext,Real
corpora/aigc_bench_ext/images/Real/ood_0011395.jpg,0,aigc_bench_ext,Real
corpora/aigc_bench_ext/images/Real/ood_0011397.jpg,0,aigc_bench_ext,Real
corpora/aigc_bench_ext/images/Real/ood_0011399.jpg,0,aigc_bench_ext,Real
corpora/aigc_bench_ext/images/Real/ood_0011401.jpg,0,aigc_bench_ext,Real
corpora/aigc_bench_ext/images/Real/ood_0011403.jpg,0,aigc_bench_ext,Real
corpora/aigc_bench_ext/images/Real/ood_0011405.jpg,0,aigc_bench_ext,Real
corpora/aigc_bench_ext/images/Real/ood_0011407.jpg,0,aigc_bench_ext,Real
corpora/aigc_bench_ext/images/Real/ood_0011409.jpg,0,aigc_bench_ext,Real
corpora/aigc_bench_ext/images/Real/ood_0011411.jpg,0,aigc_bench_ext,Real
corpora/aigc_bench_ext/images/Real/ood_0011413.jpg,0,aigc_bench_ext,Real
corpora/aigc_bench_ext/images/Real/ood_0011415.jpg,0,aigc_bench_ext,Real
corpora/aigc_bench_ext/images/Real/ood_0011417.jpg,0,aigc_bench_ext,Real
corpora/aigc_bench_ext/images/Real/ood_0011419.jpg,0,aigc_bench_ext,Real
corpora/aigc_bench_ext/images/Real/ood_0011421.jpg,0,aigc_bench_ext,Real
corpora/aigc_bench_ext/images/Real/ood_0011423.jpg,0,aigc_bench_ext,Real
corpora/aigc_bench_ext/images/Real/ood_0011425.jpg,0,aigc_bench_ext,Real
corpora/aigc_bench_ext/images/Real/ood_0011427.jpg,0,aigc_bench_ext,Real
corpora/aigc_bench_ext/images/Real/ood_0011429.jpg,0,aigc_bench_ext,Real
corpora/aigc_bench_ext/images/Real/ood_0011431.jpg,0,aigc_bench_ext,Real
corpora/aigc_bench_ext/images/Real/ood_0011433.jpg,0,aigc_bench_ext,Real
corpora/aigc_bench_ext/images/Real/ood_0011435.jpg,0,aigc_bench_ext,Real
corpora/aigc_bench_ext/images/Real/ood_0011437.jpg,0,aigc_bench_ext,Real
corpora/aigc_bench_ext/images/Real/ood_0011439.jpg,0,aigc_bench_ext,Real
corpora/aigc_bench_ext/images/Real/ood_0011441.jpg,0,aigc_bench_ext,Real
corpora/aigc_bench_ext/images/Real/ood_0011443.jpg,0,aigc_bench_ext,Real
corpora/aigc_bench_ext/images/Real/ood_0011445.jpg,0,aigc_bench_ext,Real
corpora/aigc_bench_ext/images/Real/ood_0011447.jpg,0,aigc_bench_ext,Real
corpora/aigc_bench_ext/images/Real/ood_0011449.jpg,0,aigc_bench_ext,Real
corpora/aigc_bench_ext/images/Real/ood_0011451.jpg,0,aigc_bench_ext,Real
corpora/aigc_bench_ext/images/Real/ood_0011453.jpg,0,aigc_bench_ext,Real
corpora/aigc_bench_ext/images/Real/ood_0011455.jpg,0,aigc_bench_ext,Real
corpora/aigc_bench_ext/images/Real/ood_0011457.jpg,0,aigc_bench_ext,Real
corpora/aigc_bench_ext/images/Real/ood_0011459.jpg,0,aigc_bench_ext,Real
corpora/aigc_bench_ext/images/Real/ood_0011461.jpg,0,aigc_bench_ext,Real
corpora/aigc_bench_ext/images/Real/ood_0011463.jpg,0,aigc_bench_ext,Real
corpora/aigc_bench_ext/images/Real/ood_0011465.jpg,0,aigc_bench_ext,Real
corpora/aigc_bench_ext/images/Real/ood_0011467.jpg,0,aigc_bench_ext,Real
corpora/aigc_bench_ext/images/Real/ood_0011469.jpg,0,aigc_bench_ext,Real
corpora/aigc_bench_ext/images/Real/ood_0011471.jpg,0,aigc_bench_ext,Real
corpora/aigc_bench_ext/images/Real/ood_0011473.jpg,0,aigc_bench_ext,Real
corpora/aigc_bench_ext/images/Real/ood_0011475.jpg,0,aigc_bench_ext,Real
corpora/aigc_bench_ext/images/Real/ood_0011477.jpg,0,aigc_bench_ext,Real
corpora/aigc_bench_ext/images/Real/ood_0011479.jpg,0,aigc_bench_ext,Real
corpora/aigc_bench_ext/images/Real/ood_0011481.jpg,0,aigc_bench_ext,Real
corpora/aigc_bench_ext/images/Real/ood_0011483.jpg,0,aigc_bench_ext,Real
corpora/aigc_bench_ext/images/Real/ood_0011485.jpg,0,aigc_bench_ext,Real
corpora/aigc_bench_ext/images/Real/ood_0011487.jpg,0,aigc_bench_ext,Real
corpora/aigc_bench_ext/images/Real/ood_0011489.jpg,0,aigc_bench_ext,Real
corpora/aigc_bench_ext/images/Real/ood_0011491.jpg,0,aigc_bench_ext,Real
corpora/aigc_bench_ext/images/Real/ood_0011493.jpg,0,aigc_bench_ext,Real
corpora/aigc_bench_ext/images/Real/ood_0011495.jpg,0,aigc_bench_ext,Real
corpora/aigc_bench_ext/images/Real/ood_0011497.jpg,0,aigc_bench_ext,Real
corpora/aigc_bench_ext/images/Real/ood_0011499.jpg,0,aigc_bench_ext,Real
corpora/aigc_bench_ext/images/Real/ood_0011501.jpg,0,aigc_bench_ext,Real
corpora/aigc_bench_ext/images/Real/ood_0011503.jpg,0,aigc_bench_ext,Real
corpora/aigc_bench_ext/images/Real/ood_0011505.jpg,0,aigc_bench_ext,Real
corpora/aigc_bench_ext/images/Real/ood_0011507.jpg,0,aigc_bench_ext,Real
corpora/aigc_bench_ext/images/Real/ood_0011509.jpg,0,aigc_bench_ext,Real
corpora/aigc_bench_ext/images/Real/ood_0011511.jpg,0,aigc_bench_ext,Real
corpora/aigc_bench_ext/images/Real/ood_0011513.jpg,0,aigc_bench_ext,Real
corpora/aigc_bench_ext/images/Real/ood_0011515.jpg,0,aigc_bench_ext,Real
corpora/aigc_bench_ext/images/Real/ood_0011517.jpg,0,aigc_bench_ext,Real
corpora/aigc_bench_ext/images/Real/ood_0011519.jpg,0,aigc_bench_ext,Real
corpora/aigc_bench_ext/images/Real/ood_0011521.jpg,0,aigc_bench_ext,Real
corpora/aigc_bench_ext/images/Real/ood_0011523.jpg,0,aigc_bench_ext,Real
corpora/aigc_bench_ext/images/Real/ood_0011525.jpg,0,aigc_bench_ext,Real
corpora/aigc_bench_ext/images/Real/ood_0011527.jpg,0,aigc_bench_ext,Real
corpora/aigc_bench_ext/images/Real/ood_0011529.jpg,0,aigc_bench_ext,Real
corpora/aigc_bench_ext/images/Real/ood_0011531.jpg,0,aigc_bench_ext,Real
corpora/aigc_bench_ext/images/Real/ood_0011533.jpg,0,aigc_bench_ext,Real
corpora/aigc_bench_ext/images/Real/ood_0011535.jpg,0,aigc_bench_ext,Real
corpora/aigc_bench_ext/images/Real/ood_0011537.jpg,0,aigc_bench_ext,Real
corpora/aigc_bench_ext/images/Real/ood_0011539.jpg,0,aigc_bench_ext,Real
corpora/aigc_bench_ext/images/Real/ood_0011541.jpg,0,aigc_bench_ext,Real
corpora/aigc_bench_ext/images/Real/ood_0011543.jpg,0,aigc_bench_ext,Real
corpora/aigc_bench_ext/images/Real/ood_0011545.jpg,0,aigc_bench_ext,Real
corpora/aigc_bench_ext/images/Real/ood_0011547.jpg,0,aigc_bench_ext,Real
corpora/aigc_bench_ext/images/Real/ood_0011549.jpg,0,aigc_bench_ext,Real
corpora/aigc_bench_ext/images/Real/ood_0011551.jpg,0,aigc_bench_ext,Real
corpora/aigc_bench_ext/images/Real/ood_0011553.jpg,0,aigc_bench_ext,Real
corpora/aigc_bench_ext/images/Real/ood_0011555.jpg,0,aigc_bench_ext,Real
corpora/aigc_bench_ext/images/Real/ood_0011557.jpg,0,aigc_bench_ext,Real
corpora/aigc_bench_ext/images/Real/ood_0011559.jpg,0,aigc_bench_ext,Real
corpora/aigc_bench_ext/images/Real/ood_0011561.jpg,0,aigc_bench_ext,Real
corpora/aigc_bench_ext/images/Real/ood_0011563.jpg,0,aigc_bench_ext,Real
corpora/aigc_bench_ext/images/Real/ood_0011565.jpg,0,aigc_bench_ext,Real
corpora/aigc_bench_ext/images/Real/ood_0011567.jpg,0,aigc_bench_ext,Real
corpora/aigc_bench_ext/images/Real/ood_0011569.jpg,0,aigc_bench_ext,Real
corpora/aigc_bench_ext/images/Real/ood_0011571.jpg,0,aigc_bench_ext,Real
corpora/aigc_bench_ext/images/Real/ood_0011573.jpg,0,aigc_bench_ext,Real
corpora/aigc_bench_ext/images/Real/ood_0011575.jpg,0,aigc_bench_ext,Real
corpora/aigc_bench_ext/images/Real/ood_0011577.jpg,0,aigc_bench_ext,Real
corpora/aigc_bench_ext/images/Real/ood_0011579.jpg,0,aigc_bench_ext,Real
corpora/aigc_bench_ext/images/Real/ood_0011581.jpg,0,aigc_bench_ext,Real
corpora/aigc_bench_ext/images/Real/ood_0011583.jpg,0,aigc_bench_ext,Real
corpora/aigc_bench_ext/images/Real/ood_0011585.jpg,0,aigc_bench_ext,Real
corpora/aigc_bench_ext/images/Real/ood_0011587.jpg,0,aigc_bench_ext,Real
corpora/aigc_bench_ext/images/Real/ood_0011589.jpg,0,aigc_bench_ext,Real
corpora/aigc_bench_ext/images/Real/ood_0011591.jpg,0,aigc_bench_ext,Real
corpora/aigc_bench_ext/images/Real/ood_0011593.jpg,0,aigc_bench_ext,Real
corpora/aigc_bench_ext/images/Real/ood_0011595.jpg,0,aigc_bench_ext,Real
corpora/aigc_bench_ext/images/Real/ood_0011597.jpg,0,aigc_bench_ext,Real
corpora/aigc_bench_ext/images/Real/ood_0011599.jpg,0,aigc_bench_ext,Real
corpora/aigc_bench_ext/images/Real/ood_0011601.jpg,0,aigc_bench_ext,Real
corpora/aigc_bench_ext/images/Real/ood_0011603.jpg,0,aigc_bench_ext,Real
corpora/aigc_bench_ext/images/Real/ood_0011605.jpg,0,aigc_bench_ext,Real
corpora/aigc_bench_ext/images/Real/ood_0011607.jpg,0,aigc_bench_ext,Real
corpora/aigc_bench_ext/images/Real/ood_0011609.jpg,0,aigc_bench_ext,Real
corpora/aigc_bench_ext/images/Real/ood_0011611.jpg,0,aigc_bench_ext,Real
corpora/aigc_bench_ext/images/Real/ood_0011613.jpg,0,aigc_bench_ext,Real
corpora/aigc_bench_ext/images/Real/ood_0011615.jpg,0,aigc_bench_ext,Real
corpora/aigc_bench_ext/images/Real/ood_0011617.jpg,0,aigc_bench_ext,Real
corpora/aigc_bench_ext/images/Real/ood_0011619.jpg,0,aigc_bench_ext,Real
corpora/aigc_bench_ext/images/Real/ood_0011621.jpg,0,aigc_bench_ext,Real
corpora/aigc_bench_ext/images/Real/ood_0011623.jpg,0,aigc_bench_ext,Real
corpora/aigc_bench_ext/images/Real/ood_0011625.jpg,0,aigc_bench_ext,Real
corpora/aigc_bench_ext/images/Real/ood_0011627.jpg,0,aigc_bench_ext,Real
corpora/aigc_bench_ext/images/Real/ood_0011629.jpg,0,aigc_bench_ext,Real
corpora/aigc_bench_ext/images/Real/ood_0011631.jpg,0,aigc_bench_ext,Real
corpora/aigc_bench_ext/images/Real/ood_0011633.jpg,0,aigc_bench_ext,Real
corpora/aigc_bench_ext/images/Real/ood_0011635.jpg,0,aigc_bench_ext,Real
corpora/aigc_bench_ext/images/Real/ood_0011637.jpg,0,aigc_bench_ext,Real
corpora/aigc_bench_ext/images/Real/ood_0011639.jpg,0,aigc_bench_ext,Real
corpora/aigc_bench_ext/images/Real/ood_0011641.jpg,0,aigc_bench_ext,Real
corpora/aigc_bench_ext/images/Real/ood_0011643.jpg,0,aigc_bench_ext,Real
corpora/aigc_bench_ext/images/Real/ood_0011645.jpg,0,aigc_bench_ext,Real
corpora/aigc_bench_ext/images/Real/ood_0011647.jpg,0,aigc_bench_ext,Real
corpora/aigc_bench_ext/images/Real/ood_0011649.jpg,0,aigc_bench_ext,Real
corpora/aigc_bench_ext/images/Real/ood_0011651.jpg,0,aigc_bench_ext,Real
corpora/aigc_bench_ext/images/Real/ood_0011653.jpg,0,aigc_bench_ext,Real
corpora/aigc_bench_ext/images/Real/ood_0011655.jpg,0,aigc_bench_ext,Real
corpora/aigc_bench_ext/images/Real/ood_0011657.jpg,0,aigc_bench_ext,Real
corpora/aigc_bench_ext/images/Real/ood_0011659.jpg,0,aigc_bench_ext,Real
corpora/aigc_bench_ext/images/Real/ood_0011661.jpg,0,aigc_bench_ext,Real
corpora/aigc_bench_ext/images/Real/ood_0011663.jpg,0,aigc_bench_ext,Real
corpora/aigc_bench_ext/images/Real/ood_0011665.jpg,0,aigc_bench_ext,Real
corpora/aigc_bench_ext/images/Real/ood_0011667.jpg,0,aigc_bench_ext,Real
corpora/aigc_bench_ext/images/Real/ood_0011669.jpg,0,aigc_bench_ext,Real
corpora/aigc_bench_ext/images/Real/ood_0011671.jpg,0,aigc_bench_ext,Real
corpora/aigc_bench_ext/images/Real/ood_0011673.jpg,0,aigc_bench_ext,Real
corpora/aigc_bench_ext/images/Real/ood_0011675.jpg,0,aigc_bench_ext,Real
corpora/aigc_bench_ext/images/Real/ood_0011677.jpg,0,aigc_bench_ext,Real
corpora/aigc_bench_ext/images/Real/ood_0011679.jpg,0,aigc_bench_ext,Real
corpora/aigc_bench_ext/images/Real/ood_0011681.jpg,0,aigc_bench_ext,Real
corpora/aigc_bench_ext/images/Real/ood_0011683.jpg,0,aigc_bench_ext,Real
corpora/aigc_bench_ext/images/Real/ood_0011685.jpg,0,aigc_bench_ext,Real
corpora/aigc_bench_ext/images/Real/ood_0011687.jpg,0,aigc_bench_ext,Real
corpora/aigc_bench_ext/images/Real/ood_0011689.jpg,0,aigc_bench_ext,Real
corpora/aigc_bench_ext/images/Real/ood_0011691.jpg,0,aigc_bench_ext,Real
corpora/aigc_bench_ext/images/Real/ood_0011693.jpg,0,aigc_bench_ext,Real
corpora/aigc_bench_ext/images/Real/ood_0011695.jpg,0,aigc_bench_ext,Real
corpora/aigc_bench_ext/images/Real/ood_0011697.jpg,0,aigc_bench_ext,Real
corpora/aigc_bench_ext/images/Real/ood_0011699.jpg,0,aigc_bench_ext,Real
corpora/aigc_bench_ext/images/Real/ood_0011701.jpg,0,aigc_bench_ext,Real
corpora/aigc_bench_ext/images/Real/ood_0011703.jpg,0,aigc_bench_ext,Real
corpora/aigc_bench_ext/images/Real/ood_0011705.jpg,0,aigc_bench_ext,Real
corpora/aigc_bench_ext/images/Real/ood_0011707.jpg,0,aigc_bench_ext,Real
corpora/aigc_bench_ext/images/Real/ood_0011709.jpg,0,aigc_bench_ext,Real
corpora/aigc_bench_ext/images/Real/ood_0011711.jpg,0,aigc_bench_ext,Real
corpora/aigc_bench_ext/images/Real/ood_0011713.jpg,0,aigc_bench_ext,Real
corpora/aigc_bench_ext/images/Real/ood_0011715.jpg,0,aigc_bench_ext,Real
corpora/aigc_bench_ext/images/Real/ood_0011717.jpg,0,aigc_bench_ext,Real
corpora/aigc_bench_ext/images/Real/ood_0011719.jpg,0,aigc_bench_ext,Real
corpora/aigc_bench_ext/images/Real/ood_0011721.jpg,0,aigc_bench_ext,Real
corpora/aigc_bench_ext/images/Real/ood_0011723.jpg,0,aigc_bench_ext,Real
corpora/aigc_bench_ext/images/Real/ood_0011725.jpg,0,aigc_bench_ext,Real
corpora/aigc_bench_ext/images/Real/ood_0011727.jpg,0,aigc_bench_ext,Real
corpora/aigc_bench_ext/images/Real/ood_0011729.jpg,0,aigc_bench_ext,Real
corpora/aigc_bench_ext/images/Real/ood_0011731.jpg,0,aigc_bench_ext,Real
corpora/aigc_bench_ext/images/Real/ood_0011733.jpg,0,aigc_bench_ext,Real
corpora/aigc_bench_ext/images/Real/ood_0011735.jpg,0,aigc_bench_ext,Real
corpora/aigc_bench_ext/images/Real/ood_0011737.jpg,0,aigc_bench_ext,Real
corpora/aigc_bench_ext/images/Real/ood_0011739.jpg,0,aigc_bench_ext,Real
corpora/aigc_bench_ext/images/Real/ood_0011741.jpg,0,aigc_bench_ext,Real
corpora/aigc_bench_ext/images/Real/ood_0011743.jpg,0,aigc_bench_ext,Real
corpora/aigc_bench_ext/images/Real/ood_0011745.jpg,0,aigc_bench_ext,Real
corpora/aigc_bench_ext/images/Real/ood_0011747.jpg,0,aigc_bench_ext,Real
corpora/aigc_bench_ext/images/Real/ood_0011749.jpg,0,aigc_bench_ext,Real
corpora/aigc_bench_ext/images/Real/ood_0011751.jpg,0,aigc_bench_ext,Real
corpora/aigc_bench_ext/images/Real/ood_0011753.jpg,0,aigc_bench_ext,Real
corpora/aigc_bench_ext/images/Real/ood_0011755.jpg,0,aigc_bench_ext,Real
corpora/aigc_bench_ext/images/Real/ood_0011757.jpg,0,aigc_bench_ext,Real
corpora/aigc_bench_ext/images/Real/ood_0011759.jpg,0,aigc_bench_ext,Real
corpora/aigc_bench_ext/images/Real/ood_0011761.jpg,0,aigc_bench_ext,Real
corpora/aigc_bench_ext/images/Real/ood_0011763.jpg,0,aigc_bench_ext,Real
corpora/aigc_bench_ext/images/Real/ood_0011765.jpg,0,aigc_bench_ext,Real
corpora/aigc_bench_ext/images/Real/ood_0011767.jpg,0,aigc_bench_ext,Real
corpora/aigc_bench_ext/images/Real/ood_0011769.jpg,0,aigc_bench_ext,Real
corpora/aigc_bench_ext/images/Real/ood_0011771.jpg,0,aigc_bench_ext,Real
corpora/aigc_bench_ext/images/Real/ood_0011773.jpg,0,aigc_bench_ext,Real
corpora/aigc_bench_ext/images/Real/ood_0011775.jpg,0,aigc_bench_ext,Real
corpora/aigc_bench_ext/images/Real/ood_0011777.jpg,0,aigc_bench_ext,Real
corpora/aigc_bench_ext/images/Real/ood_0011779.jpg,0,aigc_bench_ext,Real
corpora/aigc_bench_ext/images/Real/ood_0011781.jpg,0,aigc_bench_ext,Real
corpora/aigc_bench_ext/images/Real/ood_0011783.jpg,0,aigc_bench_ext,Real
corpora/aigc_bench_ext/images/Real/ood_0011785.jpg,0,aigc_bench_ext,Real
corpora/aigc_bench_ext/images/Real/ood_0011787.jpg,0,aigc_bench_ext,Real
corpora/aigc_bench_ext/images/Real/ood_0011789.jpg,0,aigc_bench_ext,Real
corpora/aigc_bench_ext/images/Real/ood_0011791.jpg,0,aigc_bench_ext,Real
corpora/aigc_bench_ext/images/Real/ood_0011793.jpg,0,aigc_bench_ext,Real
corpora/aigc_bench_ext/images/Real/ood_0011795.jpg,0,aigc_bench_ext,Real
corpora/aigc_bench_ext/images/Real/ood_0011797.jpg,0,aigc_bench_ext,Real
corpora/aigc_bench_ext/images/Real/ood_0011799.jpg,0,aigc_bench_ext,Real
corpora/aigc_bench_ext/images/Real/ood_0011801.jpg,0,aigc_bench_ext,Real
corpora/aigc_bench_ext/images/Real/ood_0011803.jpg,0,aigc_bench_ext,Real
corpora/aigc_bench_ext/images/Real/ood_0011805.jpg,0,aigc_bench_ext,Real
corpora/aigc_bench_ext/images/Real/ood_0011807.jpg,0,aigc_bench_ext,Real
corpora/aigc_bench_ext/images/Real/ood_0011809.jpg,0,aigc_bench_ext,Real
corpora/aigc_bench_ext/images/Real/ood_0011811.jpg,0,aigc_bench_ext,Real
corpora/aigc_bench_ext/images/Real/ood_0011813.jpg,0,aigc_bench_ext,Real
corpora/aigc_bench_ext/images/Real/ood_0011815.jpg,0,aigc_bench_ext,Real
corpora/aigc_bench_ext/images/Real/ood_0011817.jpg,0,aigc_bench_ext,Real
corpora/aigc_bench_ext/images/Real/ood_0011819.jpg,0,aigc_bench_ext,Real
corpora/aigc_bench_ext/images/Real/ood_0011821.jpg,0,aigc_bench_ext,Real
corpora/aigc_bench_ext/images/Real/ood_0011823.jpg,0,aigc_bench_ext,Real
corpora/aigc_bench_ext/images/Real/ood_0011825.jpg,0,aigc_bench_ext,Real
corpora/aigc_bench_ext/images/Real/ood_0011827.jpg,0,aigc_bench_ext,Real
corpora/aigc_bench_ext/images/Real/ood_0011829.jpg,0,aigc_bench_ext,Real
corpora/aigc_bench_ext/images/Real/ood_0011831.jpg,0,aigc_bench_ext,Real
corpora/aigc_bench_ext/images/Real/ood_0011833.jpg,0,aigc_bench_ext,Real
corpora/aigc_bench_ext/images/Real/ood_0011835.jpg,0,aigc_bench_ext,Real
corpora/aigc_bench_ext/images/Real/ood_0011837.jpg,0,aigc_bench_ext,Real
corpora/aigc_bench_ext/images/Real/ood_0011839.jpg,0,aigc_bench_ext,Real
corpora/aigc_bench_ext/images/Real/ood_0011841.jpg,0,aigc_bench_ext,Real
corpora/aigc_bench_ext/images/Real/ood_0011843.jpg,0,aigc_bench_ext,Real
corpora/aigc_bench_ext/images/Real/ood_0011845.jpg,0,aigc_bench_ext,Real
corpora/aigc_bench_ext/images/Real/ood_0011847.jpg,0,aigc_bench_ext,Real
corpora/aigc_bench_ext/images/Real/ood_0011849.jpg,0,aigc_bench_ext,Real
corpora/aigc_bench_ext/images/Real/ood_0011851.jpg,0,aigc_bench_ext,Real
corpora/aigc_bench_ext/images/Real/ood_0011853.jpg,0,aigc_bench_ext,Real
corpora/aigc_bench_ext/images/Real/ood_0011855.jpg,0,aigc_bench_ext,Real
corpora/aigc_bench_ext/images/Real/ood_0011857.jpg,0,aigc_bench_ext,Real
corpora/aigc_bench_ext/images/Real/ood_0011859.jpg,0,aigc_bench_ext,Real
corpora/aigc_bench_ext/images/Real/ood_0011861.jpg,0,aigc_bench_ext,Real
corpora/aigc_bench_ext/images/Real/ood_0011863.jpg,0,aigc_bench_ext,Real
corpora/aigc_bench_ext/images/Real/ood_0011865.jpg,0,aigc_bench_ext,Real
corpora/aigc_bench_ext/images/Real/ood_0011867.jpg,0,aigc_bench_ext,Real
corpora/aigc_bench_ext/images/Real/ood_0011869.jpg,0,aigc_bench_ext,Real
corpora/aigc_bench_ext/images/Real/ood_0011871.jpg,0,aigc_bench_ext,Real
corpora/aigc_bench_ext/images/Real/ood_0011873.jpg,0,aigc_bench_ext,Real
corpora/aigc_bench_ext/images/Real/ood_0011875.jpg,0,aigc_bench_ext,Real
corpora/aigc_bench_ext/images/Real/ood_0011877.jpg,0,aigc_bench_ext,Real
corpora/aigc_bench_ext/images/Real/ood_0011879.jpg,0,aigc_bench_ext,Real
corpora/aigc_bench_ext/images/Real/ood_0011881.jpg,0,aigc_bench_ext,Real
corpora/aigc_bench_ext/images/Real/ood_0011883.jpg,0,aigc_bench_ext,Real
corpora/aigc_bench_ext/images/Real/ood_0011885.jpg,0,aigc_bench_ext,Real
corpora/aigc_bench_ext/images/Real/ood_0011887.jpg,0,aigc_bench_ext,Real
corpora/aigc_bench_ext/images/Real/ood_0011889.jpg,0,aigc_bench_ext,Real
corpora/aigc_bench_ext/images/Real/ood_0011891.jpg,0,aigc_bench_ext,Real
corpora/aigc_bench_ext/images/Real/ood_0011893.jpg,0,aigc_bench_ext,Real
corpora/aigc_bench_ext/images/Real/ood_0011895.jpg,0,aigc_bench_ext,Real
corpora/aigc_bench_ext/images/Real/ood_0011897.jpg,0,aigc_bench_ext,Real
corpora/aigc_bench_ext/images/Real/ood_0011899.jpg,0,aigc_bench_ext,Real
corpora/aigc_bench_ext/images/Real/ood_0011901.jpg,0,aigc_bench_ext,Real
corpora/aigc_bench_ext/images/Real/ood_0011903.jpg,0,aigc_bench_ext,Real
corpora/aigc_bench_ext/images/Real/ood_0011905.jpg,0,aigc_bench_ext,Real
corpora/aigc_bench_ext/images/Real/ood_0011907.jpg,0,aigc_bench_ext,Real
corpora/aigc_bench_ext/images/Real/ood_0011909.jpg,0,aigc_bench_ext,Real
corpora/aigc_bench_ext/images/Real/ood_0011911.jpg,0,aigc_bench_ext,Real
corpora/aigc_bench_ext/images/Real/ood_0011913.jpg,0,aigc_bench_ext,Real
corpora/aigc_bench_ext/images/Real/ood_0011915.jpg,0,aigc_bench_ext,Real
corpora/aigc_bench_ext/images/Real/ood_0011917.jpg,0,aigc_bench_ext,Real
corpora/aigc_bench_ext/images/Real/ood_0011919.jpg,0,aigc_bench_ext,Real
corpora/aigc_bench_ext/images/Real/ood_0011921.jpg,0,aigc_bench_ext,Real
corpora/aigc_bench_ext/images/Real/ood_0011923.jpg,0,aigc_bench_ext,Real
corpora/aigc_bench_ext/images/Real/ood_0011925.jpg,0,aigc_bench_ext,Real
corpora/aigc_bench_ext/images/Real/ood_0011927.jpg,0,aigc_bench_ext,Real
corpora/aigc_bench_ext/images/Real/ood_0011929.jpg,0,aigc_bench_ext,Real
corpora/aigc_bench_ext/images/Real/ood_0011931.jpg,0,aigc_bench_ext,Real
corpora/aigc_bench_ext/images/Real/ood_0011933.jpg,0,aigc_bench_ext,Real
corpora/aigc_bench_ext/images/Real/ood_0011935.jpg,0,aigc_bench_ext,Real
corpora/aigc_bench_ext/images/Real/ood_0011937.jpg,0,aigc_bench_ext,Real
corpora/aigc_bench_ext/images/Real/ood_0011939.jpg,0,aigc_bench_ext,Real
corpora/aigc_bench_ext/images/Real/ood_0011941.jpg,0,aigc_bench_ext,Real
corpora/aigc_bench_ext/images/Real/ood_0011943.jpg,0,aigc_bench_ext,Real
corpora/aigc_bench_ext/images/Real/ood_0011945.jpg,0,aigc_bench_ext,Real
corpora/aigc_bench_ext/images/Real/ood_0011947.jpg,0,aigc_bench_ext,Real
corpora/aigc_bench_ext/images/Real/ood_0011949.jpg,0,aigc_bench_ext,Real
corpora/aigc_bench_ext/images/Real/ood_0011951.jpg,0,aigc_bench_ext,Real
corpora/aigc_bench_ext/images/Real/ood_0011953.jpg,0,aigc_bench_ext,Real
corpora/aigc_bench_ext/images/Real/ood_0011955.jpg,0,aigc_bench_ext,Real
corpora/aigc_bench_ext/images/Real/ood_0011957.jpg,0,aigc_bench_ext,Real
corpora/aigc_bench_ext/images/Real/ood_0011959.jpg,0,aigc_bench_ext,Real
corpora/aigc_bench_ext/images/Real/ood_0011961.jpg,0,aigc_bench_ext,Real
corpora/aigc_bench_ext/images/Real/ood_0011963.jpg,0,aigc_bench_ext,Real
corpora/aigc_bench_ext/images/Real/ood_0011965.jpg,0,aigc_bench_ext,Real
corpora/aigc_bench_ext/images/Real/ood_0011967.jpg,0,aigc_bench_ext,Real
corpora/aigc_bench_ext/images/Real/ood_0011969.jpg,0,aigc_bench_ext,Real
corpora/aigc_bench_ext/images/Real/ood_0011971.jpg,0,aigc_bench_ext,Real
corpora/aigc_bench_ext/images/Real/ood_0011973.jpg,0,aigc_bench_ext,Real
corpora/aigc_bench_ext/images/Real/ood_0011975.jpg,0,aigc_bench_ext,Real
corpora/aigc_bench_ext/images/Real/ood_0011977.jpg,0,aigc_bench_ext,Real
corpora/aigc_bench_ext/images/Real/ood_0011979.jpg,0,aigc_bench_ext,Real
corpora/aigc_bench_ext/images/Real/ood_0011981.jpg,0,aigc_bench_ext,Real
corpora/aigc_bench_ext/images/Real/ood_0011983.jpg,0,aigc_bench_ext,Real
corpora/aigc_bench_ext/images/Real/ood_0011985.jpg,0,aigc_bench_ext,Real
corpora/aigc_bench_ext/images/Real/ood_0011987.jpg,0,aigc_bench_ext,Real
corpora/aigc_bench_ext/images/Real/ood_0011989.jpg,0,aigc_bench_ext,Real
corpora/aigc_bench_ext/images/Real/ood_0011991.jpg,0,aigc_bench_ext,Real
corpora/aigc_bench_ext/images/Real/ood_0011993.jpg,0,aigc_bench_ext,Real
corpora/aigc_bench_ext/images/Real/ood_0011995.jpg,0,aigc_bench_ext,Real
corpora/aigc_bench_ext/images/Real/ood_0011997.jpg,0,aigc_bench_ext,Real
corpora/aigc_bench_ext/images/Real/ood_0011999.jpg,0,aigc_bench_ext,Real
corpora/aigc_bench_ext/images/Real/ood_0012001.jpg,0,aigc_bench_ext,Real
corpora/aigc_bench_ext/images/Real/ood_0012003.jpg,0,aigc_bench_ext,Real
corpora/aigc_bench_ext/images/Real/ood_0012005.jpg,0,aigc_bench_ext,Real
corpora/aigc_bench_ext/images/Real/ood_0012007.jpg,0,aigc_bench_ext,Real
corpora/aigc_bench_ext/images/Real/ood_0012009.jpg,0,aigc_bench_ext,Real
corpora/aigc_bench_ext/images/Real/ood_0012011.jpg,0,aigc_bench_ext,Real
corpora/aigc_bench_ext/images/Real/ood_0012013.jpg,0,aigc_bench_ext,Real
corpora/aigc_bench_ext/images/Real/ood_0012015.jpg,0,aigc_bench_ext,Real
corpora/aigc_bench_ext/images/Real/ood_0012017.jpg,0,aigc_bench_ext,Real
corpora/aigc_bench_ext/images/Real/ood_0012019.jpg,0,aigc_bench_ext,Real
corpora/aigc_bench_ext/images/Real/ood_0012021.jpg,0,aigc_bench_ext,Real
corpora/aigc_bench_ext/images/Real/ood_0012023.jpg,0,aigc_bench_ext,Real
corpora/aigc_bench_ext/images/Real/ood_0012025.jpg,0,aigc_bench_ext,Real
corpora/aigc_bench_ext/images/Real/ood_0012027.jpg,0,aigc_bench_ext,Real
corpora/aigc_bench_ext/images/Real/ood_0012029.jpg,0,aigc_bench_ext,Real
corpora/aigc_bench_ext/images/Real/ood_0012031.jpg,0,aigc_bench_ext,Real
corpora/aigc_bench_ext/images/Real/ood_0012033.jpg,0,aigc_bench_ext,Real
corpora/aigc_bench_ext/images/Real/ood_0012035.jpg,0,aigc_bench_ext,Real
corpora/aigc_bench_ext/images/Real/ood_0012037.jpg,0,aigc_bench_ext,Real
corpora/aigc_bench_ext/images/Real/ood_0012039.jpg,0,aigc_bench_ext,Real
corpora/aigc_bench_ext/images/Real/ood_0012041.jpg,0,aigc_bench_ext,Real
corpora/aigc_bench_ext/images/Real/ood_0012043.jpg,0,aigc_bench_ext,Real
corpora/aigc_bench_ext/images/Real/ood_0012045.jpg,0,aigc_bench_ext,Real
corpora/aigc_bench_ext/images/Real/ood_0012047.jpg,0,aigc_bench_ext,Real
corpora/aigc_bench_ext/images/Real/ood_0012049.jpg,0,aigc_bench_ext,Real
corpora/aigc_bench_ext/images/Real/ood_0012051.jpg,0,aigc_bench_ext,Real
corpora/aigc_bench_ext/images/Real/ood_0012053.jpg,0,aigc_bench_ext,Real
corpora/aigc_bench_ext/images/Real/ood_0012055.jpg,0,aigc_bench_ext,Real
corpora/aigc_bench_ext/images/Real/ood_0012057.jpg,0,aigc_bench_ext,Real
corpora/aigc_bench_ext/images/Real/ood_0012059.jpg,0,aigc_bench_ext,Real
corpora/aigc_bench_ext/images/Real/ood_0012061.jpg,0,aigc_bench_ext,Real
corpora/aigc_bench_ext/images/Real/ood_0012063.jpg,0,aigc_bench_ext,Real
corpora/aigc_bench_ext/images/Real/ood_0012065.jpg,0,aigc_bench_ext,Real
corpora/aigc_bench_ext/images/Real/ood_0012067.jpg,0,aigc_bench_ext,Real
corpora/aigc_bench_ext/images/Real/ood_0012069.jpg,0,aigc_bench_ext,Real
corpora/aigc_bench_ext/images/Real/ood_0012071.jpg,0,aigc_bench_ext,Real
corpora/aigc_bench_ext/images/Real/ood_0012073.jpg,0,aigc_bench_ext,Real
corpora/aigc_bench_ext/images/Real/ood_0012075.jpg,0,aigc_bench_ext,Real
corpora/aigc_bench_ext/images/Real/ood_0012077.jpg,0,aigc_bench_ext,Real
corpora/aigc_bench_ext/images/Real/ood_0012079.jpg,0,aigc_bench_ext,Real
corpora/aigc_bench_ext/images/Real/ood_0012081.jpg,0,aigc_bench_ext,Real
corpora/aigc_bench_ext/images/Real/ood_0012083.jpg,0,aigc_bench_ext,Real
corpora/aigc_bench_ext/images/Real/ood_0012085.jpg,0,aigc_bench_ext,Real
corpora/aigc_bench_ext/images/Real/ood_0012087.jpg,0,aigc_bench_ext,Real
corpora/aigc_bench_ext/images/Real/ood_0012089.jpg,0,aigc_bench_ext,Real
corpora/aigc_bench_ext/images/Real/ood_0012091.jpg,0,aigc_bench_ext,Real
corpora/aigc_bench_ext/images/Real/ood_0012093.jpg,0,aigc_bench_ext,Real
corpora/aigc_bench_ext/images/Real/ood_0012095.jpg,0,aigc_bench_ext,Real
corpora/aigc_bench_ext/images/Real/ood_0012097.jpg,0,aigc_bench_ext,Real
corpora/aigc_bench_ext/images/Real/ood_0012099.jpg,0,aigc_bench_ext,Real
corpora/aigc_bench_ext/images/Real/ood_0012101.jpg,0,aigc_bench_ext,Real
corpora/aigc_bench_ext/images/Real/ood_0012103.jpg,0,aigc_bench_ext,Real
corpora/aigc_bench_ext/images/Real/ood_0012105.jpg,0,aigc_bench_ext,Real
corpora/aigc_bench_ext/images/Real/ood_0012107.jpg,0,aigc_bench_ext,Real
corpora/aigc_bench_ext/images/Real/ood_0012109.jpg,0,aigc_bench_ext,Real
corpora/aigc_bench_ext/images/Real/ood_0012111.jpg,0,aigc_bench_ext,Real
corpora/aigc_bench_ext/images/Real/ood_0012113.jpg,0,aigc_bench_ext,Real
corpora/aigc_bench_ext/images/Real/ood_0012115.jpg,0,aigc_bench_ext,Real
corpora/aigc_bench_ext/images/Real/ood_0012117.jpg,0,aigc_bench_ext,Real
corpora/aigc_bench_ext/images/Real/ood_0012119.jpg,0,aigc_bench_ext,Real
corpora/aigc_bench_ext/images/Real/ood_0012121.jpg,0,aigc_bench_ext,Real
corpora/aigc_bench_ext/images/Real/ood_0012123.jpg,0,aigc_bench_ext,Real
corpora/aigc_bench_ext/images/Real/ood_0012125.jpg,0,aigc_bench_ext,Real
corpora/aigc_bench_ext/images/Real/ood_0012127.jpg,0,aigc_bench_ext,Real
corpora/aigc_bench_ext/images/Real/ood_0012129.jpg,0,aigc_bench_ext,Real
corpora/aigc_bench_ext/images/Real/ood_0012131.jpg,0,aigc_bench_ext,Real
corpora/aigc_bench_ext/images/Real/ood_0012133.jpg,0,aigc_bench_ext,Real
corpora/aigc_bench_ext/images/Real/ood_0012135.jpg,0,aigc_bench_ext,Real
corpora/aigc_bench_ext/images/Real/ood_0012137.jpg,0,aigc_bench_ext,Real
corpora/aigc_bench_ext/images/Real/ood_0012139.jpg,0,aigc_bench_ext,Real
corpora/aigc_bench_ext/images/Real/ood_0012141.jpg,0,aigc_bench_ext,Real
corpora/aigc_bench_ext/images/Real/ood_0012143.jpg,0,aigc_bench_ext,Real
corpora/aigc_bench_ext/images/Real/ood_0012145.jpg,0,aigc_bench_ext,Real
corpora/aigc_bench_ext/images/Real/ood_0012147.jpg,0,aigc_bench_ext,Real
corpora/aigc_bench_ext/images/Real/ood_0012149.jpg,0,aigc_bench_ext,Real
corpora/aigc_bench_ext/images/Real/ood_0012151.jpg,0,aigc_bench_ext,Real
corpora/aigc_bench_ext/images/Real/ood_0012153.jpg,0,aigc_bench_ext,Real
corpora/aigc_bench_ext/images/Real/ood_0012155.jpg,0,aigc_bench_ext,Real
corpora/aigc_bench_ext/images/Real/ood_0012157.jpg,0,aigc_bench_ext,Real
corpora/aigc_bench_ext/images/Real/ood_0012159.jpg,0,aigc_bench_ext,Real
corpora/aigc_bench_ext/images/Real/ood_0012161.jpg,0,aigc_bench_ext,Real
corpora/aigc_bench_ext/images/Real/ood_0012163.jpg,0,aigc_bench_ext,Real
corpora/aigc_bench_ext/images/Real/ood_0012165.jpg,0,aigc_bench_ext,Real
corpora/aigc_bench_ext/images/Real/ood_0012167.jpg,0,aigc_bench_ext,Real
corpora/aigc_bench_ext/images/Real/ood_0012169.jpg,0,aigc_bench_ext,Real
corpora/aigc_bench_ext/images/Real/ood_0012171.jpg,0,aigc_bench_ext,Real
corpora/aigc_bench_ext/images/Real/ood_0012173.jpg,0,aigc_bench_ext,Real
corpora/aigc_bench_ext/images/Real/ood_0012175.jpg,0,aigc_bench_ext,Real
corpora/aigc_bench_ext/images/Real/ood_0012177.jpg,0,aigc_bench_ext,Real
corpora/aigc_bench_ext/images/Real/ood_0012179.jpg,0,aigc_bench_ext,Real
corpora/aigc_bench_ext/images/Real/ood_0012181.jpg,0,aigc_bench_ext,Real
corpora/aigc_bench_ext/images/Real/ood_0012183.jpg,0,aigc_bench_ext,Real
corpora/aigc_bench_ext/images/Real/ood_0012185.jpg,0,aigc_bench_ext,Real
corpora/aigc_bench_ext/images/Real/ood_0012187.jpg,0,aigc_bench_ext,Real
corpora/aigc_bench_ext/images/Real/ood_0012189.jpg,0,aigc_bench_ext,Real
corpora/aigc_bench_ext/images/Real/ood_0012191.jpg,0,aigc_bench_ext,Real
corpora/aigc_bench_ext/images/Real/ood_0012193.jpg,0,aigc_bench_ext,Real
corpora/aigc_bench_ext/images/Real/ood_0012195.jpg,0,aigc_bench_ext,Real
corpora/aigc_bench_ext/images/Real/ood_0012197.jpg,0,aigc_bench_ext,Real
corpora/aigc_bench_ext/images/Real/ood_0012199.jpg,0,aigc_bench_ext,Real
corpora/aigc_bench_ext/images/Real/ood_0012201.jpg,0,aigc_bench_ext,Real
corpora/aigc_bench_ext/images/Real/ood_0012203.jpg,0,aigc_bench_ext,Real
corpora/aigc_bench_ext/images/Real/ood_0012205.jpg,0,aigc_bench_ext,Real
corpora/aigc_bench_ext/images/Real/ood_0012207.jpg,0,aigc_bench_ext,Real
corpora/aigc_bench_ext/images/Real/ood_0012209.jpg,0,aigc_bench_ext,Real
corpora/aigc_bench_ext/images/Real/ood_0012211.jpg,0,aigc_bench_ext,Real
corpora/aigc_bench_ext/images/Real/ood_0012213.jpg,0,aigc_bench_ext,Real
corpora/aigc_bench_ext/images/Real/ood_0012215.jpg,0,aigc_bench_ext,Real
corpora/aigc_bench_ext/images/Real/ood_0012217.jpg,0,aigc_bench_ext,Real
corpora/aigc_bench_ext/images/Real/ood_0012219.jpg,0,aigc_bench_ext,Real
corpora/aigc_bench_ext/images/Real/ood_0012221.jpg,0,aigc_bench_ext,Real
corpora/aigc_bench_ext/images/Real/ood_0012223.jpg,0,aigc_bench_ext,Real
corpora/aigc_bench_ext/images/Real/ood_0012225.jpg,0,aigc_bench_ext,Real
corpora/aigc_bench_ext/images/Real/ood_0012227.jpg,0,aigc_bench_ext,Real
corpora/aigc_bench_ext/images/Real/ood_0012229.jpg,0,aigc_bench_ext,Real
corpora/aigc_bench_ext/images/Real/ood_0012231.jpg,0,aigc_bench_ext,Real
corpora/aigc_bench_ext/images/Real/ood_0012233.jpg,0,aigc_bench_ext,Real
corpora/aigc_bench_ext/images/Real/ood_0012235.jpg,0,aigc_bench_ext,Real
corpora/aigc_bench_ext/images/Real/ood_0012237.jpg,0,aigc_bench_ext,Real
corpora/aigc_bench_ext/images/Real/ood_0012239.jpg,0,aigc_bench_ext,Real
corpora/aigc_bench_ext/images/Real/ood_0012241.jpg,0,aigc_bench_ext,Real
corpora/aigc_bench_ext/images/Real/ood_0012243.jpg,0,aigc_bench_ext,Real
corpora/aigc_bench_ext/images/Real/ood_0012245.jpg,0,aigc_bench_ext,Real
corpora/aigc_bench_ext/images/Real/ood_0012247.jpg,0,aigc_bench_ext,Real
corpora/aigc_bench_ext/images/Real/ood_0012249.jpg,0,aigc_bench_ext,Real
corpora/aigc_bench_ext/images/Real/ood_0012251.jpg,0,aigc_bench_ext,Real
corpora/aigc_bench_ext/images/Real/ood_0012253.jpg,0,aigc_bench_ext,Real
corpora/aigc_bench_ext/images/Real/ood_0012255.jpg,0,aigc_bench_ext,Real
corpora/aigc_bench_ext/images/Real/ood_0012257.jpg,0,aigc_bench_ext,Real
corpora/aigc_bench_ext/images/Real/ood_0012259.jpg,0,aigc_bench_ext,Real
corpora/aigc_bench_ext/images/Real/ood_0012261.jpg,0,aigc_bench_ext,Real
corpora/aigc_bench_ext/images/Real/ood_0012263.jpg,0,aigc_bench_ext,Real
corpora/aigc_bench_ext/images/Real/ood_0012265.jpg,0,aigc_bench_ext,Real
corpora/aigc_bench_ext/images/Real/ood_0012267.jpg,0,aigc_bench_ext,Real
corpora/aigc_bench_ext/images/Real/ood_0012269.jpg,0,aigc_bench_ext,Real
corpora/aigc_bench_ext/images/Real/ood_0012271.jpg,0,aigc_bench_ext,Real
corpora/aigc_bench_ext/images/Real/ood_0012273.jpg,0,aigc_bench_ext,Real
corpora/aigc_bench_ext/images/Real/ood_0012275.jpg,0,aigc_bench_ext,Real
corpora/aigc_bench_ext/images/Real/ood_0012277.jpg,0,aigc_bench_ext,Real
corpora/aigc_bench_ext/images/Real/ood_0012279.jpg,0,aigc_bench_ext,Real
corpora/aigc_bench_ext/images/Real/ood_0012281.jpg,0,aigc_bench_ext,Real
corpora/aigc_bench_ext/images/Real/ood_0012283.jpg,0,aigc_bench_ext,Real
corpora/aigc_bench_ext/images/Real/ood_0012285.jpg,0,aigc_bench_ext,Real
corpora/aigc_bench_ext/images/Real/ood_0012287.jpg,0,aigc_bench_ext,Real
corpora/aigc_bench_ext/images/Real/ood_0012289.jpg,0,aigc_bench_ext,Real
corpora/aigc_bench_ext/images/Real/ood_0012291.jpg,0,aigc_bench_ext,Real
corpora/aigc_bench_ext/images/Real/ood_0012293.jpg,0,aigc_bench_ext,Real
corpora/aigc_bench_ext/images/Real/ood_0012295.jpg,0,aigc_bench_ext,Real
corpora/aigc_bench_ext/images/Real/ood_0012297.jpg,0,aigc_bench_ext,Real
corpora/aigc_bench_ext/images/Real/ood_0012299.jpg,0,aigc_bench_ext,Real
corpora/aigc_bench_ext/images/Real/ood_0012301.jpg,0,aigc_bench_ext,Real
corpora/aigc_bench_ext/images/Real/ood_0012303.jpg,0,aigc_bench_ext,Real
corpora/aigc_bench_ext/images/Real/ood_0012305.jpg,0,aigc_bench_ext,Real
corpora/aigc_bench_ext/images/Real/ood_0012307.jpg,0,aigc_bench_ext,Real
corpora/aigc_bench_ext/images/Real/ood_0012309.jpg,0,aigc_bench_ext,Real
corpora/aigc_bench_ext/images/Real/ood_0012311.jpg,0,aigc_bench_ext,Real
corpora/aigc_bench_ext/images/Real/ood_0012313.jpg,0,aigc_bench_ext,Real
corpora/aigc_bench_ext/images/Real/ood_0012315.jpg,0,aigc_bench_ext,Real
corpora/aigc_bench_ext/images/Real/ood_0012317.jpg,0,aigc_bench_ext,Real
corpora/aigc_bench_ext/images/Real/ood_0012319.jpg,0,aigc_bench_ext,Real
corpora/aigc_bench_ext/images/Real/ood_0012321.jpg,0,aigc_bench_ext,Real
corpora/aigc_bench_ext/images/Real/ood_0012323.jpg,0,aigc_bench_ext,Real
corpora/aigc_bench_ext/images/Real/ood_0012325.jpg,0,aigc_bench_ext,Real
corpora/aigc_bench_ext/images/Real/ood_0012327.jpg,0,aigc_bench_ext,Real
corpora/aigc_bench_ext/images/Real/ood_0012329.jpg,0,aigc_bench_ext,Real
corpora/aigc_bench_ext/images/Real/ood_0012331.jpg,0,aigc_bench_ext,Real
corpora/aigc_bench_ext/images/Real/ood_0012333.jpg,0,aigc_bench_ext,Real
corpora/aigc_bench_ext/images/Real/ood_0012335.jpg,0,aigc_bench_ext,Real
corpora/aigc_bench_ext/images/Real/ood_0012337.jpg,0,aigc_bench_ext,Real
corpora/aigc_bench_ext/images/Real/ood_0012339.jpg,0,aigc_bench_ext,Real
corpora/aigc_bench_ext/images/Real/ood_0012341.jpg,0,aigc_bench_ext,Real
corpora/aigc_bench_ext/images/Real/ood_0012343.jpg,0,aigc_bench_ext,Real
corpora/aigc_bench_ext/images/Real/ood_0012345.jpg,0,aigc_bench_ext,Real
corpora/aigc_bench_ext/images/Real/ood_0012347.jpg,0,aigc_bench_ext,Real
corpora/aigc_bench_ext/images/Real/ood_0012349.jpg,0,aigc_bench_ext,Real
corpora/aigc_bench_ext/images/Real/ood_0012351.jpg,0,aigc_bench_ext,Real
corpora/aigc_bench_ext/images/Real/ood_0012353.jpg,0,aigc_bench_ext,Real
corpora/aigc_bench_ext/images/Real/ood_0012355.jpg,0,aigc_bench_ext,Real
corpora/aigc_bench_ext/images/Real/ood_0012357.jpg,0,aigc_bench_ext,Real
corpora/aigc_bench_ext/images/Real/ood_0012359.jpg,0,aigc_bench_ext,Real
corpora/aigc_bench_ext/images/Real/ood_0012361.jpg,0,aigc_bench_ext,Real
corpora/aigc_bench_ext/images/Real/ood_0012363.jpg,0,aigc_bench_ext,Real
corpora/aigc_bench_ext/images/Real/ood_0012365.jpg,0,aigc_bench_ext,Real
corpora/aigc_bench_ext/images/Real/ood_0012367.jpg,0,aigc_bench_ext,Real
corpora/aigc_bench_ext/images/Real/ood_0012369.jpg,0,aigc_bench_ext,Real
corpora/aigc_bench_ext/images/Real/ood_0012371.jpg,0,aigc_bench_ext,Real
corpora/aigc_bench_ext/images/Real/ood_0012373.jpg,0,aigc_bench_ext,Real
corpora/aigc_bench_ext/images/Real/ood_0012375.jpg,0,aigc_bench_ext,Real
corpora/aigc_bench_ext/images/Real/ood_0012377.jpg,0,aigc_bench_ext,Real
corpora/aigc_bench_ext/images/Real/ood_0012379.jpg,0,aigc_bench_ext,Real
corpora/aigc_bench_ext/images/Real/ood_0012381.jpg,0,aigc_bench_ext,Real
corpora/aigc_bench_ext/images/Real/ood_0012383.jpg,0,aigc_bench_ext,Real
corpora/aigc_bench_ext/images/Real/ood_0012385.jpg,0,aigc_bench_ext,Real
corpora/aigc_bench_ext/images/Real/ood_0012387.jpg,0,aigc_bench_ext,Real
corpora/aigc_bench_ext/images/Real/ood_0012389.jpg,0,aigc_bench_ext,Real
corpora/aigc_bench_ext/images/Real/ood_0012391.jpg,0,aigc_bench_ext,Real
corpora/aigc_bench_ext/images/Real/ood_0012393.jpg,0,aigc_bench_ext,Real
corpora/aigc_bench_ext/images/Real/ood_0012395.jpg,0,aigc_bench_ext,Real
corpora/aigc_bench_ext/images/Real/ood_0012397.jpg,0,aigc_bench_ext,Real
corpora/aigc_bench_ext/images/Real/ood_0012399.jpg,0,aigc_bench_ext,Real
corpora/aigc_bench_ext/images/Real/ood_0012401.jpg,0,aigc_bench_ext,Real
corpora/aigc_bench_ext/images/Real/ood_0012403.jpg,0,aigc_bench_ext,Real
corpora/aigc_bench_ext/images/Real/ood_0012405.jpg,0,aigc_bench_ext,Real
corpora/aigc_bench_ext/images/Real/ood_0012407.jpg,0,aigc_bench_ext,Real
corpora/aigc_bench_ext/images/Real/ood_0012409.jpg,0,aigc_bench_ext,Real
corpora/aigc_bench_ext/images/Real/ood_0012411.jpg,0,aigc_bench_ext,Real
corpora/aigc_bench_ext/images/Real/ood_0012413.jpg,0,aigc_bench_ext,Real
corpora/aigc_bench_ext/images/Real/ood_0012415.jpg,0,aigc_bench_ext,Real
corpora/aigc_bench_ext/images/Real/ood_0012417.jpg,0,aigc_bench_ext,Real
corpora/aigc_bench_ext/images/Real/ood_0012419.jpg,0,aigc_bench_ext,Real
corpora/aigc_bench_ext/images/Real/ood_0012421.jpg,0,aigc_bench_ext,Real
corpora/aigc_bench_ext/images/Real/ood_0012423.jpg,0,aigc_bench_ext,Real
corpora/aigc_bench_ext/images/Real/ood_0012425.jpg,0,aigc_bench_ext,Real
corpora/aigc_bench_ext/images/Real/ood_0012427.jpg,0,aigc_bench_ext,Real
corpora/aigc_bench_ext/images/Real/ood_0012429.jpg,0,aigc_bench_ext,Real
corpora/aigc_bench_ext/images/Real/ood_0012431.jpg,0,aigc_bench_ext,Real
corpora/aigc_bench_ext/images/Real/ood_0012433.jpg,0,aigc_bench_ext,Real
corpora/aigc_bench_ext/images/Real/ood_0012435.jpg,0,aigc_bench_ext,Real
corpora/aigc_bench_ext/images/Real/ood_0012437.jpg,0,aigc_bench_ext,Real
corpora/aigc_bench_ext/images/Real/ood_0012439.jpg,0,aigc_bench_ext,Real
corpora/aigc_bench_ext/images/Real/ood_0012441.jpg,0,aigc_bench_ext,Real
corpora/aigc_bench_ext/images/Real/ood_0012443.jpg,0,aigc_bench_ext,Real
corpora/aigc_bench_ext/images/Real/ood_0012445.jpg,0,aigc_bench_ext,Real
corpora/aigc_bench_ext/images/Real/ood_0012447.jpg,0,aigc_bench_ext,Real
corpora/aigc_bench_ext/images/Real/ood_0012449.jpg,0,aigc_bench_ext,Real
corpora/aigc_bench_ext/images/Real/ood_0012451.jpg,0,aigc_bench_ext,Real
corpora/aigc_bench_ext/images/Real/ood_0012453.jpg,0,aigc_bench_ext,Real
corpora/aigc_bench_ext/images/Real/ood_0012455.jpg,0,aigc_bench_ext,Real
corpora/aigc_bench_ext/images/Real/ood_0012457.jpg,0,aigc_bench_ext,Real
corpora/aigc_bench_ext/images/Real/ood_0012459.jpg,0,aigc_bench_ext,Real
corpora/aigc_bench_ext/images/Real/ood_0012461.jpg,0,aigc_bench_ext,Real
corpora/aigc_bench_ext/images/Real/ood_0012463.jpg,0,aigc_bench_ext,Real
corpora/aigc_bench_ext/images/Real/ood_0012465.jpg,0,aigc_bench_ext,Real
corpora/aigc_bench_ext/images/Real/ood_0012467.jpg,0,aigc_bench_ext,Real
corpora/aigc_bench_ext/images/Real/ood_0012469.jpg,0,aigc_bench_ext,Real
corpora/aigc_bench_ext/images/Real/ood_0012471.jpg,0,aigc_bench_ext,Real
corpora/aigc_bench_ext/images/Real/ood_0012473.jpg,0,aigc_bench_ext,Real
corpora/aigc_bench_ext/images/Real/ood_0012475.jpg,0,aigc_bench_ext,Real
corpora/aigc_bench_ext/images/Real/ood_0012477.jpg,0,aigc_bench_ext,Real
corpora/aigc_bench_ext/images/Real/ood_0012479.jpg,0,aigc_bench_ext,Real
corpora/aigc_bench_ext/images/Real/ood_0012481.jpg,0,aigc_bench_ext,Real
corpora/aigc_bench_ext/images/Real/ood_0012483.jpg,0,aigc_bench_ext,Real
corpora/aigc_bench_ext/images/Real/ood_0012485.jpg,0,aigc_bench_ext,Real
corpora/aigc_bench_ext/images/Real/ood_0012487.jpg,0,aigc_bench_ext,Real
corpora/aigc_bench_ext/images/Real/ood_0012489.jpg,0,aigc_bench_ext,Real
corpora/aigc_bench_ext/images/Real/ood_0012491.jpg,0,aigc_bench_ext,Real
corpora/aigc_bench_ext/images/Real/ood_0012493.jpg,0,aigc_bench_ext,Real
corpora/aigc_bench_ext/images/Real/ood_0012495.jpg,0,aigc_bench_ext,Real
corpora/aigc_bench_ext/images/Real/ood_0012497.jpg,0,aigc_bench_ext,Real
corpora/aigc_bench_ext/images/Real/ood_0012499.jpg,0,aigc_bench_ext,Real
corpora/aigc_bench_ext/images/Real/ood_0012501.jpg,0,aigc_bench_ext,Real
corpora/aigc_bench_ext/images/Real/ood_0012503.jpg,0,aigc_bench_ext,Real
corpora/aigc_bench_ext/images/Real/ood_0012505.jpg,0,aigc_bench_ext,Real
corpora/aigc_bench_ext/images/Real/ood_0012507.jpg,0,aigc_bench_ext,Real
corpora/aigc_bench_ext/images/Real/ood_0012509.jpg,0,aigc_bench_ext,Real
corpora/aigc_bench_ext/images/Real/ood_0012511.jpg,0,aigc_bench_ext,Real
corpora/aigc_bench_ext/images/Real/ood_0012513.jpg,0,aigc_bench_ext,Real
corpora/aigc_bench_ext/images/Real/ood_0012515.jpg,0,aigc_bench_ext,Real
corpora/aigc_bench_ext/images/Real/ood_0012517.jpg,0,aigc_bench_ext,Real
corpora/aigc_bench_ext/images/Real/ood_0012519.jpg,0,aigc_bench_ext,Real
corpora/aigc_bench_ext/images/Real/ood_0012521.jpg,0,aigc_bench_ext,Real
corpora/aigc_bench_ext/images/Real/ood_0012523.jpg,0,aigc_bench_ext,Real
corpora/aigc_bench_ext/images/Real/ood_0012525.jpg,0,aigc_bench_ext,Real
corpora/aigc_bench_ext/images/Real/ood_0012527.jpg,0,aigc_bench_ext,Real
corpora/aigc_bench_ext/images/Real/ood_0012529.jpg,0,aigc_bench_ext,Real
corpora/aigc_bench_ext/images/Real/ood_0012531.jpg,0,aigc_bench_ext,Real
corpora/aigc_bench_ext/images/Real/ood_0012533.jpg,0,aigc_bench_ext,Real
corpora/aigc_bench_ext/images/Real/ood_0012535.jpg,0,aigc_bench_ext,Real
corpora/aigc_bench_ext/images/Real/ood_0012537.jpg,0,aigc_bench_ext,Real
corpora/aigc_bench_ext/images/Real/ood_0012539.jpg,0,aigc_bench_ext,Real
corpora/aigc_bench_ext/images/Real/ood_0012541.jpg,0,aigc_bench_ext,Real
corpora/aigc_bench_ext/images/Real/ood_0012543.jpg,0,aigc_bench_ext,Real
corpora/aigc_bench_ext/images/Real/ood_0012545.jpg,0,aigc_bench_ext,Real
corpora/aigc_bench_ext/images/Real/ood_0012547.jpg,0,aigc_bench_ext,Real
corpora/aigc_bench_ext/images/Real/ood_0012549.jpg,0,aigc_bench_ext,Real
corpora/aigc_bench_ext/images/Real/ood_0012551.jpg,0,aigc_bench_ext,Real
corpora/aigc_bench_ext/images/Real/ood_0012553.jpg,0,aigc_bench_ext,Real
corpora/aigc_bench_ext/images/Real/ood_0012555.jpg,0,aigc_bench_ext,Real
corpora/aigc_bench_ext/images/Real/ood_0012557.jpg,0,aigc_bench_ext,Real
corpora/aigc_bench_ext/images/Real/ood_0012559.jpg,0,aigc_bench_ext,Real
corpora/aigc_bench_ext/images/Real/ood_0012561.jpg,0,aigc_bench_ext,Real
corpora/aigc_bench_ext/images/Real/ood_0012563.jpg,0,aigc_bench_ext,Real
corpora/aigc_bench_ext/images/Real/ood_0012565.jpg,0,aigc_bench_ext,Real
corpora/aigc_bench_ext/images/Real/ood_0012567.jpg,0,aigc_bench_ext,Real
corpora/aigc_bench_ext/images/Real/ood_0012569.jpg,0,aigc_bench_ext,Real
corpora/aigc_bench_ext/images/Real/ood_0012571.jpg,0,aigc_bench_ext,Real
corpora/aigc_bench_ext/images/Real/ood_0012573.jpg,0,aigc_bench_ext,Real
corpora/aigc_bench_ext/images/Real/ood_0012575.jpg,0,aigc_bench_ext,Real
corpora/aigc_bench_ext/images/Real/ood_0012577.jpg,0,aigc_bench_ext,Real
corpora/aigc_bench_ext/images/Real/ood_0012579.jpg,0,aigc_bench_ext,Real
corpora/aigc_bench_ext/images/Real/ood_0012581.jpg,0,aigc_bench_ext,Real
corpora/aigc_bench_ext/images/Real/ood_0012583.jpg,0,aigc_bench_ext,Real
corpora/aigc_bench_ext/images/Real/ood_0012585.jpg,0,aigc_bench_ext,Real
corpora/aigc_bench_ext/images/Real/ood_0012587.jpg,0,aigc_bench_ext,Real
corpora/aigc_bench_ext/images/Real/ood_0012589.jpg,0,aigc_bench_ext,Real
corpora/aigc_bench_ext/images/Real/ood_0012591.jpg,0,aigc_bench_ext,Real
corpora/aigc_bench_ext/images/Real/ood_0012593.jpg,0,aigc_bench_ext,Real
corpora/aigc_bench_ext/images/Real/ood_0012595.jpg,0,aigc_bench_ext,Real
corpora/aigc_bench_ext/images/Real/ood_0012597.jpg,0,aigc_bench_ext,Real
corpora/aigc_bench_ext/images/Real/ood_0012599.jpg,0,aigc_bench_ext,Real
corpora/aigc_bench_ext/images/Real/ood_0012601.jpg,0,aigc_bench_ext,Real
corpora/aigc_bench_ext/images/Real/ood_0012603.jpg,0,aigc_bench_ext,Real
corpora/aigc_bench_ext/images/Real/ood_0012605.jpg,0,aigc_bench_ext,Real
corpora/aigc_bench_ext/images/Real/ood_0012607.jpg,0,aigc_bench_ext,Real
corpora/aigc_bench_ext/images/Real/ood_0012609.jpg,0,aigc_bench_ext,Real
corpora/aigc_bench_ext/images/Real/ood_0012611.jpg,0,aigc_bench_ext,Real
corpora/aigc_bench_ext/images/Real/ood_0012613.jpg,0,aigc_bench_ext,Real
corpora/aigc_bench_ext/images/Real/ood_0012615.jpg,0,aigc_bench_ext,Real
corpora/aigc_bench_ext/images/Real/ood_0012617.jpg,0,aigc_bench_ext,Real
corpora/aigc_bench_ext/images/Real/ood_0012619.jpg,0,aigc_bench_ext,Real
corpora/aigc_bench_ext/images/Real/ood_0012621.jpg,0,aigc_bench_ext,Real
corpora/aigc_bench_ext/images/Real/ood_0012623.jpg,0,aigc_bench_ext,Real
corpora/aigc_bench_ext/images/Real/ood_0012625.jpg,0,aigc_bench_ext,Real
corpora/aigc_bench_ext/images/Real/ood_0012627.jpg,0,aigc_bench_ext,Real
corpora/aigc_bench_ext/images/Real/ood_0012629.jpg,0,aigc_bench_ext,Real
corpora/aigc_bench_ext/images/Real/ood_0012631.jpg,0,aigc_bench_ext,Real
corpora/aigc_bench_ext/images/Real/ood_0012633.jpg,0,aigc_bench_ext,Real
corpora/aigc_bench_ext/images/Real/ood_0012635.jpg,0,aigc_bench_ext,Real
corpora/aigc_bench_ext/images/Real/ood_0012637.jpg,0,aigc_bench_ext,Real
corpora/aigc_bench_ext/images/Real/ood_0012639.jpg,0,aigc_bench_ext,Real
corpora/aigc_bench_ext/images/Real/ood_0012641.jpg,0,aigc_bench_ext,Real
corpora/aigc_bench_ext/images/Real/ood_0012643.jpg,0,aigc_bench_ext,Real
corpora/aigc_bench_ext/images/Real/ood_0012645.jpg,0,aigc_bench_ext,Real
corpora/aigc_bench_ext/images/Real/ood_0012647.jpg,0,aigc_bench_ext,Real
corpora/aigc_bench_ext/images/Real/ood_0012649.jpg,0,aigc_bench_ext,Real
corpora/aigc_bench_ext/images/Real/ood_0012651.jpg,0,aigc_bench_ext,Real
corpora/aigc_bench_ext/images/Real/ood_0012653.jpg,0,aigc_bench_ext,Real
corpora/aigc_bench_ext/images/Real/ood_0012655.jpg,0,aigc_bench_ext,Real
corpora/aigc_bench_ext/images/Real/ood_0012657.jpg,0,aigc_bench_ext,Real
corpora/aigc_bench_ext/images/Real/ood_0012659.jpg,0,aigc_bench_ext,Real
corpora/aigc_bench_ext/images/Real/ood_0012661.jpg,0,aigc_bench_ext,Real
corpora/aigc_bench_ext/images/Real/ood_0012663.jpg,0,aigc_bench_ext,Real
corpora/aigc_bench_ext/images/Real/ood_0012665.jpg,0,aigc_bench_ext,Real
corpora/aigc_bench_ext/images/Real/ood_0012667.jpg,0,aigc_bench_ext,Real
corpora/aigc_bench_ext/images/Real/ood_0012669.jpg,0,aigc_bench_ext,Real
corpora/aigc_bench_ext/images/Real/ood_0012671.jpg,0,aigc_bench_ext,Real
corpora/aigc_bench_ext/images/Real/ood_0012673.jpg,0,aigc_bench_ext,Real
corpora/aigc_bench_ext/images/Real/ood_0012675.jpg,0,aigc_bench_ext,Real
corpora/aigc_bench_ext/images/Real/ood_0012677.jpg,0,aigc_bench_ext,Real
corpora/aigc_bench_ext/images/Real/ood_0012679.jpg,0,aigc_bench_ext,Real
corpora/aigc_bench_ext/images/Real/ood_0012681.jpg,0,aigc_bench_ext,Real
corpora/aigc_bench_ext/images/Real/ood_0012683.jpg,0,aigc_bench_ext,Real
corpora/aigc_bench_ext/images/Real/ood_0012685.jpg,0,aigc_bench_ext,Real
corpora/aigc_bench_ext/images/Real/ood_0012687.jpg,0,aigc_bench_ext,Real
corpora/aigc_bench_ext/images/Real/ood_0012689.jpg,0,aigc_bench_ext,Real
corpora/aigc_bench_ext/images/Real/ood_0012691.jpg,0,aigc_bench_ext,Real
corpora/aigc_bench_ext/images/Real/ood_0012693.jpg,0,aigc_bench_ext,Real
corpora/aigc_bench_ext/images/Real/ood_0012695.jpg,0,aigc_bench_ext,Real
corpora/aigc_bench_ext/images/Real/ood_0012697.jpg,0,aigc_bench_ext,Real
corpora/aigc_bench_ext/images/Real/ood_0012699.jpg,0,aigc_bench_ext,Real
corpora/aigc_bench_ext/images/Real/ood_0012701.jpg,0,aigc_bench_ext,Real
corpora/aigc_bench_ext/images/Real/ood_0012703.jpg,0,aigc_bench_ext,Real
corpora/aigc_bench_ext/images/Real/ood_0012705.jpg,0,aigc_bench_ext,Real
corpora/aigc_bench_ext/images/Real/ood_0012707.jpg,0,aigc_bench_ext,Real
corpora/aigc_bench_ext/images/Real/ood_0012709.jpg,0,aigc_bench_ext,Real
corpora/aigc_bench_ext/images/Real/ood_0012711.jpg,0,aigc_bench_ext,Real
corpora/aigc_bench_ext/images/Real/ood_0012713.jpg,0,aigc_bench_ext,Real
corpora/aigc_bench_ext/images/Real/ood_0012715.jpg,0,aigc_bench_ext,Real
corpora/aigc_bench_ext/images/Real/ood_0012717.jpg,0,aigc_bench_ext,Real
corpora/aigc_bench_ext/images/Real/ood_0012719.jpg,0,aigc_bench_ext,Real
corpora/aigc_bench_ext/images/Real/ood_0012721.jpg,0,aigc_bench_ext,Real
corpora/aigc_bench_ext/images/Real/ood_0012723.jpg,0,aigc_bench_ext,Real
corpora/aigc_bench_ext/images/Real/ood_0012725.jpg,0,aigc_bench_ext,Real
corpora/aigc_bench_ext/images/Real/ood_0012727.jpg,0,aigc_bench_ext,Real
corpora/aigc_bench_ext/images/Real/ood_0012729.jpg,0,aigc_bench_ext,Real
corpora/aigc_bench_ext/images/Real/ood_0012731.jpg,0,aigc_bench_ext,Real
corpora/aigc_bench_ext/images/Real/ood_0012733.jpg,0,aigc_bench_ext,Real
corpora/aigc_bench_ext/images/Real/ood_0012735.jpg,0,aigc_bench_ext,Real
corpora/aigc_bench_ext/images/Real/ood_0012737.jpg,0,aigc_bench_ext,Real
corpora/aigc_bench_ext/images/Real/ood_0012739.jpg,0,aigc_bench_ext,Real
corpora/aigc_bench_ext/images/Real/ood_0012741.jpg,0,aigc_bench_ext,Real
corpora/aigc_bench_ext/images/Real/ood_0012743.jpg,0,aigc_bench_ext,Real
corpora/aigc_bench_ext/images/Real/ood_0012745.jpg,0,aigc_bench_ext,Real
corpora/aigc_bench_ext/images/Real/ood_0012747.jpg,0,aigc_bench_ext,Real
corpora/aigc_bench_ext/images/Real/ood_0012749.jpg,0,aigc_bench_ext,Real
corpora/aigc_bench_ext/images/Real/ood_0012751.jpg,0,aigc_bench_ext,Real
corpora/aigc_bench_ext/images/Real/ood_0012753.jpg,0,aigc_bench_ext,Real
corpora/aigc_bench_ext/images/Real/ood_0012755.jpg,0,aigc_bench_ext,Real
corpora/aigc_bench_ext/images/Real/ood_0012757.jpg,0,aigc_bench_ext,Real
corpora/aigc_bench_ext/images/Real/ood_0012759.jpg,0,aigc_bench_ext,Real
corpora/aigc_bench_ext/images/Real/ood_0012761.jpg,0,aigc_bench_ext,Real
corpora/aigc_bench_ext/images/Real/ood_0012763.jpg,0,aigc_bench_ext,Real
corpora/aigc_bench_ext/images/Real/ood_0012765.jpg,0,aigc_bench_ext,Real
corpora/aigc_bench_ext/images/Real/ood_0012767.jpg,0,aigc_bench_ext,Real
corpora/aigc_bench_ext/images/Real/ood_0012769.jpg,0,aigc_bench_ext,Real
corpora/aigc_bench_ext/images/Real/ood_0012771.jpg,0,aigc_bench_ext,Real
corpora/aigc_bench_ext/images/Real/ood_0012773.jpg,0,aigc_bench_ext,Real
corpora/aigc_bench_ext/images/Real/ood_0012775.jpg,0,aigc_bench_ext,Real
corpora/aigc_bench_ext/images/Real/ood_0012777.jpg,0,aigc_bench_ext,Real
corpora/aigc_bench_ext/images/Real/ood_0012779.jpg,0,aigc_bench_ext,Real
corpora/aigc_bench_ext/images/Real/ood_0012781.jpg,0,aigc_bench_ext,Real
corpora/aigc_bench_ext/images/Real/ood_0012783.jpg,0,aigc_bench_ext,Real
corpora/aigc_bench_ext/images/Real/ood_0012785.jpg,0,aigc_bench_ext,Real
corpora/aigc_bench_ext/images/Real/ood_0012787.jpg,0,aigc_bench_ext,Real
corpora/aigc_bench_ext/images/Real/ood_0012789.jpg,0,aigc_bench_ext,Real
corpora/aigc_bench_ext/images/Real/ood_0012791.jpg,0,aigc_bench_ext,Real
corpora/aigc_bench_ext/images/Real/ood_0012793.jpg,0,aigc_bench_ext,Real
corpora/aigc_bench_ext/images/Real/ood_0012795.jpg,0,aigc_bench_ext,Real
corpora/aigc_bench_ext/images/Real/ood_0012797.jpg,0,aigc_bench_ext,Real
corpora/aigc_bench_ext/images/Real/ood_0012799.jpg,0,aigc_bench_ext,Real
corpora/aigc_bench_ext/images/Real/ood_0012801.jpg,0,aigc_bench_ext,Real
corpora/aigc_bench_ext/images/Real/ood_0012803.jpg,0,aigc_bench_ext,Real
corpora/aigc_bench_ext/images/Real/ood_0012805.jpg,0,aigc_bench_ext,Real
corpora/aigc_bench_ext/images/Real/ood_0012807.jpg,0,aigc_bench_ext,Real
corpora/aigc_bench_ext/images/Real/ood_0012809.jpg,0,aigc_bench_ext,Real
corpora/aigc_bench_ext/images/Real/ood_0012811.jpg,0,aigc_bench_ext,Real
corpora/aigc_bench_ext/images/Real/ood_0012813.jpg,0,aigc_bench_ext,Real
corpora/aigc_bench_ext/images/Real/ood_0012815.jpg,0,aigc_bench_ext,Real
corpora/aigc_bench_ext/images/Real/ood_0012817.jpg,0,aigc_bench_ext,Real
corpora/aigc_bench_ext/images/Real/ood_0012819.jpg,0,aigc_bench_ext,Real
corpora/aigc_bench_ext/images/Real/ood_0012821.jpg,0,aigc_bench_ext,Real
corpora/aigc_bench_ext/images/Real/ood_0012823.jpg,0,aigc_bench_ext,Real
corpora/aigc_bench_ext/images/Real/ood_0012825.jpg,0,aigc_bench_ext,Real
corpora/aigc_bench_ext/images/Real/ood_0012827.jpg,0,aigc_bench_ext,Real
corpora/aigc_bench_ext/images/Real/ood_0012829.jpg,0,aigc_bench_ext,Real
corpora/aigc_bench_ext/images/Real/ood_0012831.jpg,0,aigc_bench_ext,Real
corpora/aigc_bench_ext/images/Real/ood_0012833.jpg,0,aigc_bench_ext,Real
corpora/aigc_bench_ext/images/Real/ood_0012835.jpg,0,aigc_bench_ext,Real
corpora/aigc_bench_ext/images/Real/ood_0012837.jpg,0,aigc_bench_ext,Real
corpora/aigc_bench_ext/images/Real/ood_0012839.jpg,0,aigc_bench_ext,Real
corpora/aigc_bench_ext/images/Real/ood_0012841.jpg,0,aigc_bench_ext,Real
corpora/aigc_bench_ext/images/Real/ood_0012843.jpg,0,aigc_bench_ext,Real
corpora/aigc_bench_ext/images/Real/ood_0012845.jpg,0,aigc_bench_ext,Real
corpora/aigc_bench_ext/images/Real/ood_0012847.jpg,0,aigc_bench_ext,Real
corpora/aigc_bench_ext/images/Real/ood_0012849.jpg,0,aigc_bench_ext,Real
corpora/aigc_bench_ext/images/Real/ood_0012851.jpg,0,aigc_bench_ext,Real
corpora/aigc_bench_ext/images/Real/ood_0012853.jpg,0,aigc_bench_ext,Real
corpora/aigc_bench_ext/images/Real/ood_0012855.jpg,0,aigc_bench_ext,Real
corpora/aigc_bench_ext/images/Real/ood_0012857.jpg,0,aigc_bench_ext,Real
corpora/aigc_bench_ext/images/Real/ood_0012859.jpg,0,aigc_bench_ext,Real
corpora/aigc_bench_ext/images/Real/ood_0012861.jpg,0,aigc_bench_ext,Real
corpora/aigc_bench_ext/images/Real/ood_0012863.jpg,0,aigc_bench_ext,Real
corpora/aigc_bench_ext/images/Real/ood_0012865.jpg,0,aigc_bench_ext,Real
corpora/aigc_bench_ext/images/Real/ood_0012867.jpg,0,aigc_bench_ext,Real
corpora/aigc_bench_ext/images/Real/ood_0012869.jpg,0,aigc_bench_ext,Real
corpora/aigc_bench_ext/images/Real/ood_0012871.jpg,0,aigc_bench_ext,Real
corpora/aigc_bench_ext/images/Real/ood_0012873.jpg,0,aigc_bench_ext,Real
corpora/aigc_bench_ext/images/Real/ood_0012875.jpg,0,aigc_bench_ext,Real
corpora/aigc_bench_ext/images/Real/ood_0012877.jpg,0,aigc_bench_ext,Real
corpora/aigc_bench_ext/images/Real/ood_0012879.jpg,0,aigc_bench_ext,Real
corpora/aigc_bench_ext/images/Real/ood_0012881.jpg,0,aigc_bench_ext,Real
corpora/aigc_bench_ext/images/Real/ood_0012883.jpg,0,aigc_bench_ext,Real
corpora/aigc_bench_ext/images/Real/ood_0012885.jpg,0,aigc_bench_ext,Real
corpora/aigc_bench_ext/images/Real/ood_0012887.jpg,0,aigc_bench_ext,Real
corpora/aigc_bench_ext/images/Real/ood_0012889.jpg,0,aigc_bench_ext,Real
corpora/aigc_bench_ext/images/Real/ood_0012891.jpg,0,aigc_bench_ext,Real
corpora/aigc_bench_ext/images/Real/ood_0012893.jpg,0,aigc_bench_ext,Real
corpora/aigc_bench_ext/images/Real/ood_0012895.jpg,0,aigc_bench_ext,Real
corpora/aigc_bench_ext/images/Real/ood_0012897.jpg,0,aigc_bench_ext,Real
corpora/aigc_bench_ext/images/Real/ood_0012899.jpg,0,aigc_bench_ext,Real
corpora/aigc_bench_ext/images/Real/ood_0012901.jpg,0,aigc_bench_ext,Real
corpora/aigc_bench_ext/images/Real/ood_0012903.jpg,0,aigc_bench_ext,Real
corpora/aigc_bench_ext/images/Real/ood_0012905.jpg,0,aigc_bench_ext,Real
corpora/aigc_bench_ext/images/Real/ood_0012907.jpg,0,aigc_bench_ext,Real
corpora/aigc_bench_ext/images/Real/ood_0012909.jpg,0,aigc_bench_ext,Real
corpora/aigc_bench_ext/images/Real/ood_0012911.jpg,0,aigc_bench_ext,Real
corpora/aigc_bench_ext/images/Real/ood_0012913.jpg,0,aigc_bench_ext,Real
corpora/aigc_bench_ext/images/Real/ood_0012915.jpg,0,aigc_bench_ext,Real
corpora/aigc_bench_ext/images/Real/ood_0012917.jpg,0,aigc_bench_ext,Real
corpora/aigc_bench_ext/images/Real/ood_0012919.jpg,0,aigc_bench_ext,Real
corpora/aigc_bench_ext/images/Real/ood_0012921.jpg,0,aigc_bench_ext,Real
corpora/aigc_bench_ext/images/Real/ood_0012923.jpg,0,aigc_bench_ext,Real
corpora/aigc_bench_ext/images/Real/ood_0012925.jpg,0,aigc_bench_ext,Real
corpora/aigc_bench_ext/images/Real/ood_0012927.jpg,0,aigc_bench_ext,Real
corpora/aigc_bench_ext/images/Real/ood_0012929.jpg,0,aigc_bench_ext,Real
corpora/aigc_bench_ext/images/Real/ood_0012931.jpg,0,aigc_bench_ext,Real
corpora/aigc_bench_ext/images/Real/ood_0012933.jpg,0,aigc_bench_ext,Real
corpora/aigc_bench_ext/images/Real/ood_0012935.jpg,0,aigc_bench_ext,Real
corpora/aigc_bench_ext/images/Real/ood_0012937.jpg,0,aigc_bench_ext,Real
corpora/aigc_bench_ext/images/Real/ood_0012939.jpg,0,aigc_bench_ext,Real
corpora/aigc_bench_ext/images/Real/ood_0012941.jpg,0,aigc_bench_ext,Real
corpora/aigc_bench_ext/images/Real/ood_0012943.jpg,0,aigc_bench_ext,Real
corpora/aigc_bench_ext/images/Real/ood_0012945.jpg,0,aigc_bench_ext,Real
corpora/aigc_bench_ext/images/Real/ood_0012947.jpg,0,aigc_bench_ext,Real
corpora/aigc_bench_ext/images/Real/ood_0012949.jpg,0,aigc_bench_ext,Real
corpora/aigc_bench_ext/images/Real/ood_0012951.jpg,0,aigc_bench_ext,Real
corpora/aigc_bench_ext/images/Real/ood_0012953.jpg,0,aigc_bench_ext,Real
corpora/aigc_bench_ext/images/Real/ood_0012955.jpg,0,aigc_bench_ext,Real
corpora/aigc_bench_ext/images/Real/ood_0012957.jpg,0,aigc_bench_ext,Real
corpora/aigc_bench_ext/images/Real/ood_0012959.jpg,0,aigc_bench_ext,Real
corpora/aigc_bench_ext/images/Real/ood_0012961.jpg,0,aigc_bench_ext,Real
corpora/aigc_bench_ext/images/Real/ood_0012963.jpg,0,aigc_bench_ext,Real
corpora/aigc_bench_ext/images/Real/ood_0012965.jpg,0,aigc_bench_ext,Real
corpora/aigc_bench_ext/images/Real/ood_0012967.jpg,0,aigc_bench_ext,Real
corpora/aigc_bench_ext/images/Real/ood_0012969.jpg,0,aigc_bench_ext,Real
corpora/aigc_bench_ext/images/Real/ood_0012971.jpg,0,aigc_bench_ext,Real
corpora/aigc_bench_ext/images/Real/ood_0012973.jpg,0,aigc_bench_ext,Real
corpora/aigc_bench_ext/images/Real/ood_0012975.jpg,0,aigc_bench_ext,Real
corpora/aigc_bench_ext/images/Real/ood_0012977.jpg,0,aigc_bench_ext,Real
corpora/aigc_bench_ext/images/Real/ood_0012979.jpg,0,aigc_bench_ext,Real
corpora/aigc_bench_ext/images/Real/ood_0012981.jpg,0,aigc_bench_ext,Real
corpora/aigc_bench_ext/images/Real/ood_0012983.jpg,0,aigc_bench_ext,Real
corpora/aigc_bench_ext/images/Real/ood_0012985.jpg,0,aigc_bench_ext,Real
corpora/aigc_bench_ext/images/Real/ood_0012987.jpg,0,aigc_bench_ext,Real
corpora/aigc_bench_ext/images/Real/ood_0012989.jpg,0,aigc_bench_ext,Real
corpora/aigc_bench_ext/images/Real/ood_0012991.jpg,0,aigc_bench_ext,Real
corpora/aigc_bench_ext/images/Real/ood_0012993.jpg,0,aigc_bench_ext,Real
corpora/aigc_bench_ext/images/Real/ood_0012995.jpg,0,aigc_bench_ext,Real
corpora/aigc_bench_ext/images/Real/ood_0012997.jpg,0,aigc_bench_ext,Real
corpora/aigc_bench_ext/images/Real/ood_0012999.jpg,0,aigc_bench_ext,Real
corpora/aigc_bench_ext/images/Real/ood_0013001.jpg,0,aigc_bench_ext,Real
corpora/aigc_bench_ext/images/Real/ood_0013003.jpg,0,aigc_bench_ext,Real
corpora/aigc_bench_ext/images/Real/ood_0013005.jpg,0,aigc_bench_ext,Real
corpora/aigc_bench_ext/images/Real/ood_0013007.jpg,0,aigc_bench_ext,Real
corpora/aigc_bench_ext/images/Real/ood_0013009.jpg,0,aigc_bench_ext,Real
corpora/aigc_bench_ext/images/Real/ood_0013011.jpg,0,aigc_bench_ext,Real
corpora/aigc_bench_ext/images/Real/ood_0013013.jpg,0,aigc_bench_ext,Real
corpora/aigc_bench_ext/images/Real/ood_0013015.jpg,0,aigc_bench_ext,Real
corpora/aigc_bench_ext/images/Real/ood_0013017.jpg,0,aigc_bench_ext,Real
corpora/aigc_bench_ext/images/Real/ood_0013019.jpg,0,aigc_bench_ext,Real
corpora/aigc_bench_ext/images/Real/ood_0013021.jpg,0,aigc_bench_ext,Real
corpora/aigc_bench_ext/images/Real/ood_0013023.jpg,0,aigc_bench_ext,Real
corpora/aigc_bench_ext/images/Real/ood_0013025.jpg,0,aigc_bench_ext,Real
corpora/aigc_bench_ext/images/Real/ood_0013027.jpg,0,aigc_bench_ext,Real
corpora/aigc_bench_ext/images/Real/ood_0013029.jpg,0,aigc_bench_ext,Real
corpora/aigc_bench_ext/images/Real/ood_0013031.jpg,0,aigc_bench_ext,Real
corpora/aigc_bench_ext/images/Real/ood_0013033.jpg,0,aigc_bench_ext,Real
corpora/aigc_bench_ext/images/Real/ood_0013035.jpg,0,aigc_bench_ext,Real
corpora/aigc_bench_ext/images/Real/ood_0013037.jpg,0,aigc_bench_ext,Real
corpora/aigc_bench_ext/images/Real/ood_0013039.jpg,0,aigc_bench_ext,Real
corpora/aigc_bench_ext/images/Real/ood_0013041.jpg,0,aigc_bench_ext,Real
corpora/aigc_bench_ext/images/Real/ood_0013043.jpg,0,aigc_bench_ext,Real
corpora/aigc_bench_ext/images/Real/ood_0013045.jpg,0,aigc_bench_ext,Real
corpora/aigc_bench_ext/images/Real/ood_0013047.jpg,0,aigc_bench_ext,Real
corpora/aigc_bench_ext/images/Real/ood_0013049.jpg,0,aigc_bench_ext,Real
corpora/aigc_bench_ext/images/Real/ood_0013051.jpg,0,aigc_bench_ext,Real
corpora/aigc_bench_ext/images/Real/ood_0013053.jpg,0,aigc_bench_ext,Real
corpora/aigc_bench_ext/images/Real/ood_0013055.jpg,0,aigc_bench_ext,Real
corpora/aigc_bench_ext/images/Real/ood_0013057.jpg,0,aigc_bench_ext,Real
corpora/aigc_bench_ext/images/Real/ood_0013059.jpg,0,aigc_bench_ext,Real
corpora/aigc_bench_ext/images/Real/ood_0013061.jpg,0,aigc_bench_ext,Real
corpora/aigc_bench_ext/images/Real/ood_0013063.jpg,0,aigc_bench_ext,Real
corpora/aigc_bench_ext/images/Real/ood_0013065.jpg,0,aigc_bench_ext,Real
corpora/aigc_bench_ext/images/Real/ood_0013067.jpg,0,aigc_bench_ext,Real
corpora/aigc_bench_ext/images/Real/ood_0013069.jpg,0,aigc_bench_ext,Real
corpora/aigc_bench_ext/images/Real/ood_0013071.jpg,0,aigc_bench_ext,Real
corpora/aigc_bench_ext/images/Real/ood_0013073.jpg,0,aigc_bench_ext,Real
corpora/aigc_bench_ext/images/Real/ood_0013075.jpg,0,aigc_bench_ext,Real
corpora/aigc_bench_ext/images/Real/ood_0013077.jpg,0,aigc_bench_ext,Real
corpora/aigc_bench_ext/images/Real/ood_0013079.jpg,0,aigc_bench_ext,Real
corpora/aigc_bench_ext/images/Real/ood_0013081.jpg,0,aigc_bench_ext,Real
corpora/aigc_bench_ext/images/Real/ood_0013083.jpg,0,aigc_bench_ext,Real
corpora/aigc_bench_ext/images/Real/ood_0013085.jpg,0,aigc_bench_ext,Real
corpora/aigc_bench_ext/images/Real/ood_0013087.jpg,0,aigc_bench_ext,Real
corpora/aigc_bench_ext/images/Real/ood_0013089.jpg,0,aigc_bench_ext,Real
corpora/aigc_bench_ext/images/Real/ood_0013091.jpg,0,aigc_bench_ext,Real
corpora/aigc_bench_ext/images/Real/ood_0013093.jpg,0,aigc_bench_ext,Real
corpora/aigc_bench_ext/images/Real/ood_0013095.jpg,0,aigc_bench_ext,Real
corpora/aigc_bench_ext/images/Real/ood_0013097.jpg,0,aigc_bench_ext,Real
corpora/aigc_bench_ext/images/Real/ood_0013099.jpg,0,aigc_bench_ext,Real
corpora/aigc_bench_ext/images/Real/ood_0013101.jpg,0,aigc_bench_ext,Real
corpora/aigc_bench_ext/images/Real/ood_0013103.jpg,0,aigc_bench_ext,Real
corpora/aigc_bench_ext/images/Real/ood_0013105.jpg,0,aigc_bench_ext,Real
corpora/aigc_bench_ext/images/Real/ood_0013107.jpg,0,aigc_bench_ext,Real
corpora/aigc_bench_ext/images/Real/ood_0013109.jpg,0,aigc_bench_ext,Real
corpora/aigc_bench_ext/images/Real/ood_0013111.jpg,0,aigc_bench_ext,Real
corpora/aigc_bench_ext/images/Real/ood_0013113.jpg,0,aigc_bench_ext,Real
corpora/aigc_bench_ext/images/Real/ood_0013115.jpg,0,aigc_bench_ext,Real
corpora/aigc_bench_ext/images/Real/ood_0013117.jpg,0,aigc_bench_ext,Real
corpora/aigc_bench_ext/images/Real/ood_0013119.jpg,0,aigc_bench_ext,Real
corpora/aigc_bench_ext/images/Real/ood_0013121.jpg,0,aigc_bench_ext,Real
corpora/aigc_bench_ext/images/Real/ood_0013123.jpg,0,aigc_bench_ext,Real
corpora/aigc_bench_ext/images/Real/ood_0013125.jpg,0,aigc_bench_ext,Real
corpora/aigc_bench_ext/images/Real/ood_0013127.jpg,0,aigc_bench_ext,Real
corpora/aigc_bench_ext/images/Real/ood_0013129.jpg,0,aigc_bench_ext,Real
corpora/aigc_bench_ext/images/Real/ood_0013131.jpg,0,aigc_bench_ext,Real
corpora/aigc_bench_ext/images/Real/ood_0013133.jpg,0,aigc_bench_ext,Real
corpora/aigc_bench_ext/images/Real/ood_0013135.jpg,0,aigc_bench_ext,Real
corpora/aigc_bench_ext/images/Real/ood_0013137.jpg,0,aigc_bench_ext,Real
corpora/aigc_bench_ext/images/Real/ood_0013139.jpg,0,aigc_bench_ext,Real
corpora/aigc_bench_ext/images/Real/ood_0013141.jpg,0,aigc_bench_ext,Real
corpora/aigc_bench_ext/images/Real/ood_0013143.jpg,0,aigc_bench_ext,Real
corpora/aigc_bench_ext/images/Real/ood_0013145.jpg,0,aigc_bench_ext,Real
corpora/aigc_bench_ext/images/Real/ood_0013147.jpg,0,aigc_bench_ext,Real
corpora/aigc_bench_ext/images/Real/ood_0013149.jpg,0,aigc_bench_ext,Real
corpora/aigc_bench_ext/images/Real/ood_0013151.jpg,0,aigc_bench_ext,Real
corpora/aigc_bench_ext/images/Real/ood_0013153.jpg,0,aigc_bench_ext,Real
corpora/aigc_bench_ext/images/Real/ood_0013155.jpg,0,aigc_bench_ext,Real
corpora/aigc_bench_ext/images/Real/ood_0013157.jpg,0,aigc_bench_ext,Real
corpora/aigc_bench_ext/images/Real/ood_0013159.jpg,0,aigc_bench_ext,Real
corpora/aigc_bench_ext/images/Real/ood_0013161.jpg,0,aigc_bench_ext,Real
corpora/aigc_bench_ext/images/Real/ood_0013163.jpg,0,aigc_bench_ext,Real
corpora/aigc_bench_ext/images/Real/ood_0013165.jpg,0,aigc_bench_ext,Real
corpora/aigc_bench_ext/images/Real/ood_0013167.jpg,0,aigc_bench_ext,Real
corpora/aigc_bench_ext/images/Real/ood_0013169.jpg,0,aigc_bench_ext,Real
corpora/aigc_bench_ext/images/Real/ood_0013171.jpg,0,aigc_bench_ext,Real
corpora/aigc_bench_ext/images/Real/ood_0013173.jpg,0,aigc_bench_ext,Real
corpora/aigc_bench_ext/images/Real/ood_0013175.jpg,0,aigc_bench_ext,Real
corpora/aigc_bench_ext/images/Real/ood_0013177.jpg,0,aigc_bench_ext,Real
corpora/aigc_bench_ext/images/Real/ood_0013179.jpg,0,aigc_bench_ext,Real
corpora/aigc_bench_ext/images/Real/ood_0013181.jpg,0,aigc_bench_ext,Real
corpora/aigc_bench_ext/images/Real/ood_0013183.jpg,0,aigc_bench_ext,Real
corpora/aigc_bench_ext/images/Real/ood_0013185.jpg,0,aigc_bench_ext,Real
corpora/aigc_bench_ext/images/Real/ood_0013187.jpg,0,aigc_bench_ext,Real
corpora/aigc_bench_ext/images/Real/ood_0013189.jpg,0,aigc_bench_ext,Real
corpora/aigc_bench_ext/images/Real/ood_0013191.jpg,0,aigc_bench_ext,Real
corpora/aigc_bench_ext/images/Real/ood_0013193.jpg,0,aigc_bench_ext,Real
corpora/aigc_bench_ext/images/Real/ood_0013195.jpg,0,aigc_bench_ext,Real
corpora/aigc_bench_ext/images/Real/ood_0013197.jpg,0,aigc_bench_ext,Real
corpora/aigc_bench_ext/images/Real/ood_0013199.jpg,0,aigc_bench_ext,Real
corpora/aigc_bench_ext/images/Real/ood_0013201.jpg,0,aigc_bench_ext,Real
corpora/aigc_bench_ext/images/Real/ood_0013203.jpg,0,aigc_bench_ext,Real
corpora/aigc_bench_ext/images/Real/ood_0013205.jpg,0,aigc_bench_ext,Real
corpora/aigc_bench_ext/images/Real/ood_0013207.jpg,0,aigc_bench_ext,Real
corpora/aigc_bench_ext/images/Real/ood_0013209.jpg,0,aigc_bench_ext,Real
corpora/aigc_bench_ext/images/Real/ood_0013211.jpg,0,aigc_bench_ext,Real
corpora/aigc_bench_ext/images/Real/ood_0013213.jpg,0,aigc_bench_ext,Real
corpora/aigc_bench_ext/images/Real/ood_0013215.jpg,0,aigc_bench_ext,Real
corpora/aigc_bench_ext/images/Real/ood_0013217.jpg,0,aigc_bench_ext,Real
corpora/aigc_bench_ext/images/Real/ood_0013219.jpg,0,aigc_bench_ext,Real
corpora/aigc_bench_ext/images/Real/ood_0013221.jpg,0,aigc_bench_ext,Real
corpora/aigc_bench_ext/images/Real/ood_0013223.jpg,0,aigc_bench_ext,Real
corpora/aigc_bench_ext/images/Real/ood_0013225.jpg,0,aigc_bench_ext,Real
corpora/aigc_bench_ext/images/Real/ood_0013227.jpg,0,aigc_bench_ext,Real
corpora/aigc_bench_ext/images/Real/ood_0013229.jpg,0,aigc_bench_ext,Real
corpora/aigc_bench_ext/images/Real/ood_0013231.jpg,0,aigc_bench_ext,Real
corpora/aigc_bench_ext/images/Real/ood_0013233.jpg,0,aigc_bench_ext,Real
corpora/aigc_bench_ext/images/Real/ood_0013235.jpg,0,aigc_bench_ext,Real
corpora/aigc_bench_ext/images/Real/ood_0013237.jpg,0,aigc_bench_ext,Real
corpora/aigc_bench_ext/images/Real/ood_0013239.jpg,0,aigc_bench_ext,Real
corpora/aigc_bench_ext/images/Real/ood_0013241.jpg,0,aigc_bench_ext,Real
corpora/aigc_bench_ext/images/Real/ood_0013243.jpg,0,aigc_bench_ext,Real
corpora/aigc_bench_ext/images/Real/ood_0013245.jpg,0,aigc_bench_ext,Real
corpora/aigc_bench_ext/images/Real/ood_0013247.jpg,0,aigc_bench_ext,Real
corpora/aigc_bench_ext/images/Real/ood_0013249.jpg,0,aigc_bench_ext,Real
corpora/aigc_bench_ext/images/Real/ood_0013251.jpg,0,aigc_bench_ext,Real
corpora/aigc_bench_ext/images/Real/ood_0013253.jpg,0,aigc_bench_ext,Real
corpora/aigc_bench_ext/images/Real/ood_0013255.jpg,0,aigc_bench_ext,Real
corpora/aigc_bench_ext/images/Real/ood_0013257.jpg,0,aigc_bench_ext,Real
corpora/aigc_bench_ext/images/Real/ood_0013259.jpg,0,aigc_bench_ext,Real
corpora/aigc_bench_ext/images/Real/ood_0013261.jpg,0,aigc_bench_ext,Real
corpora/aigc_bench_ext/images/Real/ood_0013263.jpg,0,aigc_bench_ext,Real
corpora/aigc_bench_ext/images/Real/ood_0013265.jpg,0,aigc_bench_ext,Real
corpora/aigc_bench_ext/images/Real/ood_0013267.jpg,0,aigc_bench_ext,Real
corpora/aigc_bench_ext/images/Real/ood_0013269.jpg,0,aigc_bench_ext,Real
corpora/aigc_bench_ext/images/Real/ood_0013271.jpg,0,aigc_bench_ext,Real
corpora/aigc_bench_ext/images/Real/ood_0013273.jpg,0,aigc_bench_ext,Real
corpora/aigc_bench_ext/images/Real/ood_0013275.jpg,0,aigc_bench_ext,Real
corpora/aigc_bench_ext/images/Real/ood_0013277.jpg,0,aigc_bench_ext,Real
corpora/aigc_bench_ext/images/Real/ood_0013279.jpg,0,aigc_bench_ext,Real
corpora/aigc_bench_ext/images/Real/ood_0013281.jpg,0,aigc_bench_ext,Real
corpora/aigc_bench_ext/images/Real/ood_0013283.jpg,0,aigc_bench_ext,Real
corpora/aigc_bench_ext/images/Real/ood_0013285.jpg,0,aigc_bench_ext,Real
corpora/aigc_bench_ext/images/Real/ood_0013287.jpg,0,aigc_bench_ext,Real
corpora/aigc_bench_ext/images/Real/ood_0013289.jpg,0,aigc_bench_ext,Real
corpora/aigc_bench_ext/images/Real/ood_0013291.jpg,0,aigc_bench_ext,Real
corpora/aigc_bench_ext/images/Real/ood_0013293.jpg,0,aigc_bench_ext,Real
corpora/aigc_bench_ext/images/Real/ood_0013295.jpg,0,aigc_bench_ext,Real
corpora/aigc_bench_ext/images/Real/ood_0013297.jpg,0,aigc_bench_ext,Real
corpora/aigc_bench_ext/images/Real/ood_0013299.jpg,0,aigc_bench_ext,Real
corpora/aigc_bench_ext/images/Real/ood_0013301.jpg,0,aigc_bench_ext,Real
corpora/aigc_bench_ext/images/Real/ood_0013303.jpg,0,aigc_bench_ext,Real
corpora/aigc_bench_ext/images/Real/ood_0013305.jpg,0,aigc_bench_ext,Real
corpora/aigc_bench_ext/images/Real/ood_0013307.jpg,0,aigc_bench_ext,Real
corpora/aigc_bench_ext/images/Real/ood_0013309.jpg,0,aigc_bench_ext,Real
corpora/aigc_bench_ext/images/Real/ood_0013311.jpg,0,aigc_bench_ext,Real
corpora/aigc_bench_ext/images/Real/ood_0013313.jpg,0,aigc_bench_ext,Real
corpora/aigc_bench_ext/images/Real/ood_0013315.jpg,0,aigc_bench_ext,Real
corpora/aigc_bench_ext/images/Real/ood_0013317.jpg,0,aigc_bench_ext,Real
corpora/aigc_bench_ext/images/Real/ood_0013319.jpg,0,aigc_bench_ext,Real
corpora/aigc_bench_ext/images/Real/ood_0013321.jpg,0,aigc_bench_ext,Real
corpora/aigc_bench_ext/images/Real/ood_0013323.jpg,0,aigc_bench_ext,Real
corpora/aigc_bench_ext/images/Real/ood_0013325.jpg,0,aigc_bench_ext,Real
corpora/aigc_bench_ext/images/Real/ood_0013327.jpg,0,aigc_bench_ext,Real
corpora/aigc_bench_ext/images/Real/ood_0013329.jpg,0,aigc_bench_ext,Real
corpora/aigc_bench_ext/images/Real/ood_0013331.jpg,0,aigc_bench_ext,Real
corpora/aigc_bench_ext/images/Real/ood_0013333.jpg,0,aigc_bench_ext,Real
corpora/aigc_bench_ext/images/Real/ood_0013335.jpg,0,aigc_bench_ext,Real
corpora/aigc_bench_ext/images/Real/ood_0013337.jpg,0,aigc_bench_ext,Real
corpora/aigc_bench_ext/images/Real/ood_0013339.jpg,0,aigc_bench_ext,Real
corpora/aigc_bench_ext/images/Real/ood_0013341.jpg,0,aigc_bench_ext,Real
corpora/aigc_bench_ext/images/Real/ood_0013343.jpg,0,aigc_bench_ext,Real
corpora/aigc_bench_ext/images/Real/ood_0013345.jpg,0,aigc_bench_ext,Real
corpora/aigc_bench_ext/images/Real/ood_0013347.jpg,0,aigc_bench_ext,Real
corpora/aigc_bench_ext/images/Real/ood_0013349.jpg,0,aigc_bench_ext,Real
corpora/aigc_bench_ext/images/Real/ood_0013351.jpg,0,aigc_bench_ext,Real
corpora/aigc_bench_ext/images/Real/ood_0013353.jpg,0,aigc_bench_ext,Real
corpora/aigc_bench_ext/images/Real/ood_0013355.jpg,0,aigc_bench_ext,Real
corpora/aigc_bench_ext/images/Real/ood_0013357.jpg,0,aigc_bench_ext,Real
corpora/aigc_bench_ext/images/Real/ood_0013359.jpg,0,aigc_bench_ext,Real
corpora/aigc_bench_ext/images/Real/ood_0013361.jpg,0,aigc_bench_ext,Real
corpora/aigc_bench_ext/images/Real/ood_0013363.jpg,0,aigc_bench_ext,Real
corpora/aigc_bench_ext/images/Real/ood_0013365.jpg,0,aigc_bench_ext,Real
corpora/aigc_bench_ext/images/Real/ood_0013367.jpg,0,aigc_bench_ext,Real
corpora/aigc_bench_ext/images/Real/ood_0013369.jpg,0,aigc_bench_ext,Real
corpora/aigc_bench_ext/images/Real/ood_0013371.jpg,0,aigc_bench_ext,Real
corpora/aigc_bench_ext/images/Real/ood_0013373.jpg,0,aigc_bench_ext,Real
corpora/aigc_bench_ext/images/Real/ood_0013375.jpg,0,aigc_bench_ext,Real
corpora/aigc_bench_ext/images/Real/ood_0013377.jpg,0,aigc_bench_ext,Real
corpora/aigc_bench_ext/images/Real/ood_0013379.jpg,0,aigc_bench_ext,Real
corpora/aigc_bench_ext/images/Real/ood_0013381.jpg,0,aigc_bench_ext,Real
corpora/aigc_bench_ext/images/Real/ood_0013383.jpg,0,aigc_bench_ext,Real
corpora/aigc_bench_ext/images/Real/ood_0013385.jpg,0,aigc_bench_ext,Real
corpora/aigc_bench_ext/images/Real/ood_0013387.jpg,0,aigc_bench_ext,Real
corpora/aigc_bench_ext/images/Real/ood_0013389.jpg,0,aigc_bench_ext,Real
corpora/aigc_bench_ext/images/Real/ood_0013391.jpg,0,aigc_bench_ext,Real
corpora/aigc_bench_ext/images/Real/ood_0013393.jpg,0,aigc_bench_ext,Real
corpora/aigc_bench_ext/images/Real/ood_0013395.jpg,0,aigc_bench_ext,Real
corpora/aigc_bench_ext/images/Real/ood_0013397.jpg,0,aigc_bench_ext,Real
corpora/aigc_bench_ext/images/Real/ood_0013399.jpg,0,aigc_bench_ext,Real
corpora/aigc_bench_ext/images/Real/ood_0013401.jpg,0,aigc_bench_ext,Real
corpora/aigc_bench_ext/images/Real/ood_0013403.jpg,0,aigc_bench_ext,Real
corpora/aigc_bench_ext/images/Real/ood_0013405.jpg,0,aigc_bench_ext,Real
corpora/aigc_bench_ext/images/Real/ood_0013407.jpg,0,aigc_bench_ext,Real
corpora/aigc_bench_ext/images/Real/ood_0013409.jpg,0,aigc_bench_ext,Real
corpora/aigc_bench_ext/images/Real/ood_0013411.jpg,0,aigc_bench_ext,Real
corpora/aigc_bench_ext/images/Real/ood_0013413.jpg,0,aigc_bench_ext,Real
corpora/aigc_bench_ext/images/Real/ood_0013415.jpg,0,aigc_bench_ext,Real
corpora/aigc_bench_ext/images/Real/ood_0013417.jpg,0,aigc_bench_ext,Real
corpora/aigc_bench_ext/images/Real/ood_0013419.jpg,0,aigc_bench_ext,Real
corpora/aigc_bench_ext/images/Real/ood_0013421.jpg,0,aigc_bench_ext,Real
corpora/aigc_bench_ext/images/Real/ood_0013423.jpg,0,aigc_bench_ext,Real
corpora/aigc_bench_ext/images/Real/ood_0013425.jpg,0,aigc_bench_ext,Real
corpora/aigc_bench_ext/images/Real/ood_0013427.jpg,0,aigc_bench_ext,Real
corpora/aigc_bench_ext/images/Real/ood_0013429.jpg,0,aigc_bench_ext,Real
corpora/aigc_bench_ext/images/Real/ood_0013431.jpg,0,aigc_bench_ext,Real
corpora/aigc_bench_ext/images/Real/ood_0013433.jpg,0,aigc_bench_ext,Real
corpora/aigc_bench_ext/images/Real/ood_0013435.jpg,0,aigc_bench_ext,Real
corpora/aigc_bench_ext/images/Real/ood_0013437.jpg,0,aigc_bench_ext,Real
corpora/aigc_bench_ext/images/Real/ood_0013439.jpg,0,aigc_bench_ext,Real
corpora/aigc_bench_ext/images/Real/ood_0013441.jpg,0,aigc_bench_ext,Real
corpora/aigc_bench_ext/images/Real/ood_0013443.jpg,0,aigc_bench_ext,Real
corpora/aigc_bench_ext/images/Real/ood_0013445.jpg,0,aigc_bench_ext,Real
corpora/aigc_bench_ext/images/Real/ood_0013447.jpg,0,aigc_bench_ext,Real
corpora/aigc_bench_ext/images/Real/ood_0013449.jpg,0,aigc_bench_ext,Real
corpora/aigc_bench_ext/images/Real/ood_0013451.jpg,0,aigc_bench_ext,Real
corpora/aigc_bench_ext/images/Real/ood_0013453.jpg,0,aigc_bench_ext,Real
corpora/aigc_bench_ext/images/Real/ood_0013455.jpg,0,aigc_bench_ext,Real
corpora/aigc_bench_ext/images/Real/ood_0013457.jpg,0,aigc_bench_ext,Real
corpora/aigc_bench_ext/images/Real/ood_0013459.jpg,0,aigc_bench_ext,Real
corpora/aigc_bench_ext/images/Real/ood_0013461.jpg,0,aigc_bench_ext,Real
corpora/aigc_bench_ext/images/Real/ood_0013463.jpg,0,aigc_bench_ext,Real
corpora/aigc_bench_ext/images/Real/ood_0013465.jpg,0,aigc_bench_ext,Real
corpora/aigc_bench_ext/images/Real/ood_0013467.jpg,0,aigc_bench_ext,Real
corpora/aigc_bench_ext/images/Real/ood_0013469.jpg,0,aigc_bench_ext,Real
corpora/aigc_bench_ext/images/Real/ood_0013471.jpg,0,aigc_bench_ext,Real
corpora/aigc_bench_ext/images/Real/ood_0013473.jpg,0,aigc_bench_ext,Real
corpora/aigc_bench_ext/images/Real/ood_0013475.jpg,0,aigc_bench_ext,Real
corpora/aigc_bench_ext/images/Real/ood_0013477.jpg,0,aigc_bench_ext,Real
corpora/aigc_bench_ext/images/Real/ood_0013479.jpg,0,aigc_bench_ext,Real
corpora/aigc_bench_ext/images/Real/ood_0013481.jpg,0,aigc_bench_ext,Real
corpora/aigc_bench_ext/images/Real/ood_0013483.jpg,0,aigc_bench_ext,Real
corpora/aigc_bench_ext/images/Real/ood_0013485.jpg,0,aigc_bench_ext,Real
corpora/aigc_bench_ext/images/Real/ood_0013487.jpg,0,aigc_bench_ext,Real
corpora/aigc_bench_ext/images/Real/ood_0013489.jpg,0,aigc_bench_ext,Real
corpora/aigc_bench_ext/images/Real/ood_0013491.jpg,0,aigc_bench_ext,Real
corpora/aigc_bench_ext/images/Real/ood_0013493.jpg,0,aigc_bench_ext,Real
corpora/aigc_bench_ext/images/Real/ood_0013495.jpg,0,aigc_bench_ext,Real
corpora/aigc_bench_ext/images/Real/ood_0013497.jpg,0,aigc_bench_ext,Real
corpora/aigc_bench_ext/images/Real/ood_0013499.jpg,0,aigc_bench_ext,Real
corpora/aigc_bench_ext/images/Real/ood_0013501.jpg,0,aigc_bench_ext,Real
corpora/aigc_bench_ext/images/Real/ood_0013503.jpg,0,aigc_bench_ext,Real
corpora/aigc_bench_ext/images/Real/ood_0013505.jpg,0,aigc_bench_ext,Real
corpora/aigc_bench_ext/images/Real/ood_0013507.jpg,0,aigc_bench_ext,Real
corpora/aigc_bench_ext/images/Real/ood_0013509.jpg,0,aigc_bench_ext,Real
corpora/aigc_bench_ext/images/Real/ood_0013511.jpg,0,aigc_bench_ext,Real
corpora/aigc_bench_ext/images/Real/ood_0013513.jpg,0,aigc_bench_ext,Real
corpora/aigc_bench_ext/images/Real/ood_0013515.jpg,0,aigc_bench_ext,Real
corpora/aigc_bench_ext/images/Real/ood_0013517.jpg,0,aigc_bench_ext,Real
corpora/aigc_bench_ext/images/Real/ood_0013519.jpg,0,aigc_bench_ext,Real
corpora/aigc_bench_ext/images/Real/ood_0013521.jpg,0,aigc_bench_ext,Real
corpora/aigc_bench_ext/images/Real/ood_0013523.jpg,0,aigc_bench_ext,Real
corpora/aigc_bench_ext/images/Real/ood_0013525.jpg,0,aigc_bench_ext,Real
corpora/aigc_bench_ext/images/Real/ood_0013527.jpg,0,aigc_bench_ext,Real
corpora/aigc_bench_ext/images/Real/ood_0013529.jpg,0,aigc_bench_ext,Real
corpora/aigc_bench_ext/images/Real/ood_0013531.jpg,0,aigc_bench_ext,Real
corpora/aigc_bench_ext/images/Real/ood_0013533.jpg,0,aigc_bench_ext,Real
corpora/aigc_bench_ext/images/Real/ood_0013535.jpg,0,aigc_bench_ext,Real
corpora/aigc_bench_ext/images/Real/ood_0013537.jpg,0,aigc_bench_ext,Real
corpora/aigc_bench_ext/images/Real/ood_0013539.jpg,0,aigc_bench_ext,Real
corpora/aigc_bench_ext/images/Real/ood_0013541.jpg,0,aigc_bench_ext,Real
corpora/aigc_bench_ext/images/Real/ood_0013543.jpg,0,aigc_bench_ext,Real
corpora/aigc_bench_ext/images/Real/ood_0013545.jpg,0,aigc_bench_ext,Real
corpora/aigc_bench_ext/images/Real/ood_0013547.jpg,0,aigc_bench_ext,Real
corpora/aigc_bench_ext/images/Real/ood_0013549.jpg,0,aigc_bench_ext,Real
corpora/aigc_bench_ext/images/Real/ood_0013551.jpg,0,aigc_bench_ext,Real
corpora/aigc_bench_ext/images/Real/ood_0013553.jpg,0,aigc_bench_ext,Real
corpora/aigc_bench_ext/images/Real/ood_0013555.jpg,0,aigc_bench_ext,Real
corpora/aigc_bench_ext/images/Real/ood_0013557.jpg,0,aigc_bench_ext,Real
corpora/aigc_bench_ext/images/Real/ood_0013559.jpg,0,aigc_bench_ext,Real
corpora/aigc_bench_ext/images/Real/ood_0013561.jpg,0,aigc_bench_ext,Real
corpora/aigc_bench_ext/images/Real/ood_0013563.jpg,0,aigc_bench_ext,Real
corpora/aigc_bench_ext/images/Real/ood_0013565.jpg,0,aigc_bench_ext,Real
corpora/aigc_bench_ext/images/Real/ood_0013567.jpg,0,aigc_bench_ext,Real
corpora/aigc_bench_ext/images/Real/ood_0013569.jpg,0,aigc_bench_ext,Real
corpora/aigc_bench_ext/images/Real/ood_0013571.jpg,0,aigc_bench_ext,Real
corpora/aigc_bench_ext/images/Real/ood_0013573.jpg,0,aigc_bench_ext,Real
corpora/aigc_bench_ext/images/Real/ood_0013575.jpg,0,aigc_bench_ext,Real
corpora/aigc_bench_ext/images/Real/ood_0013577.jpg,0,aigc_bench_ext,Real
corpora/aigc_bench_ext/images/Real/ood_0013579.jpg,0,aigc_bench_ext,Real
corpora/aigc_bench_ext/images/Real/ood_0013581.jpg,0,aigc_bench_ext,Real
corpora/aigc_bench_ext/images/Real/ood_0013583.jpg,0,aigc_bench_ext,Real
corpora/aigc_bench_ext/images/Real/ood_0013585.jpg,0,aigc_bench_ext,Real
corpora/aigc_bench_ext/images/Real/ood_0013587.jpg,0,aigc_bench_ext,Real
corpora/aigc_bench_ext/images/Real/ood_0013589.jpg,0,aigc_bench_ext,Real
corpora/aigc_bench_ext/images/Real/ood_0013591.jpg,0,aigc_bench_ext,Real
corpora/aigc_bench_ext/images/Real/ood_0013593.jpg,0,aigc_bench_ext,Real
corpora/aigc_bench_ext/images/Real/ood_0013595.jpg,0,aigc_bench_ext,Real
corpora/aigc_bench_ext/images/Real/ood_0013597.jpg,0,aigc_bench_ext,Real
corpora/aigc_bench_ext/images/Real/ood_0013599.jpg,0,aigc_bench_ext,Real
corpora/aigc_bench_ext/images/Real/ood_0013601.jpg,0,aigc_bench_ext,Real
corpora/aigc_bench_ext/images/Real/ood_0013603.jpg,0,aigc_bench_ext,Real
corpora/aigc_bench_ext/images/Real/ood_0013605.jpg,0,aigc_bench_ext,Real
corpora/aigc_bench_ext/images/Real/ood_0013607.jpg,0,aigc_bench_ext,Real
corpora/aigc_bench_ext/images/Real/ood_0013609.jpg,0,aigc_bench_ext,Real
corpora/aigc_bench_ext/images/Real/ood_0013611.jpg,0,aigc_bench_ext,Real
corpora/aigc_bench_ext/images/Real/ood_0013613.jpg,0,aigc_bench_ext,Real
corpora/aigc_bench_ext/images/Real/ood_0013615.jpg,0,aigc_bench_ext,Real
corpora/aigc_bench_ext/images/Real/ood_0013617.jpg,0,aigc_bench_ext,Real
corpora/aigc_bench_ext/images/Real/ood_0013619.jpg,0,aigc_bench_ext,Real
corpora/aigc_bench_ext/images/Real/ood_0013621.jpg,0,aigc_bench_ext,Real
corpora/aigc_bench_ext/images/Real/ood_0013623.jpg,0,aigc_bench_ext,Real
corpora/aigc_bench_ext/images/Real/ood_0013625.jpg,0,aigc_bench_ext,Real
corpora/aigc_bench_ext/images/Real/ood_0013627.jpg,0,aigc_bench_ext,Real
corpora/aigc_bench_ext/images/Real/ood_0013629.jpg,0,aigc_bench_ext,Real
corpora/aigc_bench_ext/images/Real/ood_0013631.jpg,0,aigc_bench_ext,Real
corpora/aigc_bench_ext/images/Real/ood_0013633.jpg,0,aigc_bench_ext,Real
corpora/aigc_bench_ext/images/Real/ood_0013635.jpg,0,aigc_bench_ext,Real
corpora/aigc_bench_ext/images/Real/ood_0013637.jpg,0,aigc_bench_ext,Real
corpora/aigc_bench_ext/images/Real/ood_0013639.jpg,0,aigc_bench_ext,Real
corpora/aigc_bench_ext/images/Real/ood_0013641.jpg,0,aigc_bench_ext,Real
corpora/aigc_bench_ext/images/Real/ood_0013643.jpg,0,aigc_bench_ext,Real
corpora/aigc_bench_ext/images/Real/ood_0013645.jpg,0,aigc_bench_ext,Real
corpora/aigc_bench_ext/images/Real/ood_0013647.jpg,0,aigc_bench_ext,Real
corpora/aigc_bench_ext/images/Real/ood_0013649.jpg,0,aigc_bench_ext,Real
corpora/aigc_bench_ext/images/Real/ood_0013651.jpg,0,aigc_bench_ext,Real
corpora/aigc_bench_ext/images/Real/ood_0013653.jpg,0,aigc_bench_ext,Real
corpora/aigc_bench_ext/images/Real/ood_0013655.jpg,0,aigc_bench_ext,Real
corpora/aigc_bench_ext/images/Real/ood_0013657.jpg,0,aigc_bench_ext,Real
corpora/aigc_bench_ext/images/Real/ood_0013659.jpg,0,aigc_bench_ext,Real
corpora/aigc_bench_ext/images/Real/ood_0013661.jpg,0,aigc_bench_ext,Real
corpora/aigc_bench_ext/images/Real/ood_0013663.jpg,0,aigc_bench_ext,Real
corpora/aigc_bench_ext/images/Real/ood_0013665.jpg,0,aigc_bench_ext,Real
corpora/aigc_bench_ext/images/Real/ood_0013667.jpg,0,aigc_bench_ext,Real
corpora/aigc_bench_ext/images/Real/ood_0013669.jpg,0,aigc_bench_ext,Real
corpora/aigc_bench_ext/images/Real/ood_0013671.jpg,0,aigc_bench_ext,Real
corpora/aigc_bench_ext/images/Real/ood_0013673.jpg,0,aigc_bench_ext,Real
corpora/aigc_bench_ext/images/Real/ood_0013675.jpg,0,aigc_bench_ext,Real
corpora/aigc_bench_ext/images/Real/ood_0013677.jpg,0,aigc_bench_ext,Real
corpora/aigc_bench_ext/images/Real/ood_0013679.jpg,0,aigc_bench_ext,Real
corpora/aigc_bench_ext/images/Real/ood_0013681.jpg,0,aigc_bench_ext,Real
corpora/aigc_bench_ext/images/Real/ood_0013683.jpg,0,aigc_bench_ext,Real
corpora/aigc_bench_ext/images/Real/ood_0013685.jpg,0,aigc_bench_ext,Real
corpora/aigc_bench_ext/images/Real/ood_0013687.jpg,0,aigc_bench_ext,Real
corpora/aigc_bench_ext/images/Real/ood_0013689.jpg,0,aigc_bench_ext,Real
corpora/aigc_bench_ext/images/Real/ood_0013691.jpg,0,aigc_bench_ext,Real
corpora/aigc_bench_ext/images/Real/ood_0013693.jpg,0,aigc_bench_ext,Real
corpora/aigc_bench_ext/images/Real/ood_0013695.jpg,0,aigc_bench_ext,Real
corpora/aigc_bench_ext/images/Real/ood_0013697.jpg,0,aigc_bench_ext,Real
corpora/aigc_bench_ext/images/Real/ood_0013699.jpg,0,aigc_bench_ext,Real
corpora/aigc_bench_ext/images/Real/ood_0013701.jpg,0,aigc_bench_ext,Real
corpora/aigc_bench_ext/images/Real/ood_0013703.jpg,0,aigc_bench_ext,Real
corpora/aigc_bench_ext/images/Real/ood_0013705.jpg,0,aigc_bench_ext,Real
corpora/aigc_bench_ext/images/Real/ood_0013707.jpg,0,aigc_bench_ext,Real
corpora/aigc_bench_ext/images/Real/ood_0013709.jpg,0,aigc_bench_ext,Real
corpora/aigc_bench_ext/images/Real/ood_0013711.jpg,0,aigc_bench_ext,Real
corpora/aigc_bench_ext/images/Real/ood_0013713.jpg,0,aigc_bench_ext,Real
corpora/aigc_bench_ext/images/Real/ood_0013715.jpg,0,aigc_bench_ext,Real
corpora/aigc_bench_ext/images/Real/ood_0013717.jpg,0,aigc_bench_ext,Real
corpora/aigc_bench_ext/images/Real/ood_0013719.jpg,0,aigc_bench_ext,Real
corpora/aigc_bench_ext/images/Real/ood_0013721.jpg,0,aigc_bench_ext,Real
corpora/aigc_bench_ext/images/Real/ood_0013723.jpg,0,aigc_bench_ext,Real
corpora/aigc_bench_ext/images/Real/ood_0013725.jpg,0,aigc_bench_ext,Real
corpora/aigc_bench_ext/images/Real/ood_0013727.jpg,0,aigc_bench_ext,Real
corpora/aigc_bench_ext/images/Real/ood_0013729.jpg,0,aigc_bench_ext,Real
corpora/aigc_bench_ext/images/Real/ood_0013731.jpg,0,aigc_bench_ext,Real
corpora/aigc_bench_ext/images/Real/ood_0013733.jpg,0,aigc_bench_ext,Real
corpora/aigc_bench_ext/images/Real/ood_0013735.jpg,0,aigc_bench_ext,Real
corpora/aigc_bench_ext/images/Real/ood_0013737.jpg,0,aigc_bench_ext,Real
corpora/aigc_bench_ext/images/Real/ood_0013739.jpg,0,aigc_bench_ext,Real
corpora/aigc_bench_ext/images/Real/ood_0013741.jpg,0,aigc_bench_ext,Real
corpora/aigc_bench_ext/images/Real/ood_0013743.jpg,0,aigc_bench_ext,Real
corpora/aigc_bench_ext/images/Real/ood_0013745.jpg,0,aigc_bench_ext,Real
corpora/aigc_bench_ext/images/Real/ood_0013747.jpg,0,aigc_bench_ext,Real
corpora/aigc_bench_ext/images/Real/ood_0013749.jpg,0,aigc_bench_ext,Real
corpora/aigc_bench_ext/images/Real/ood_0013751.jpg,0,aigc_bench_ext,Real
corpora/aigc_bench_ext/images/Real/ood_0013753.jpg,0,aigc_bench_ext,Real
corpora/aigc_bench_ext/images/Real/ood_0013755.jpg,0,aigc_bench_ext,Real
corpora/aigc_bench_ext/images/Real/ood_0013757.jpg,0,aigc_bench_ext,Real
corpora/aigc_bench_ext/images/Real/ood_0013759.jpg,0,aigc_bench_ext,Real
corpora/aigc_bench_ext/images/Real/ood_0013761.jpg,0,aigc_bench_ext,Real
corpora/aigc_bench_ext/images/Real/ood_0013763.jpg,0,aigc_bench_ext,Real
corpora/aigc_bench_ext/images/Real/ood_0013765.jpg,0,aigc_bench_ext,Real
corpora/aigc_bench_ext/images/Real/ood_0013767.jpg,0,aigc_bench_ext,Real
corpora/aigc_bench_ext/images/Real/ood_0013769.jpg,0,aigc_bench_ext,Real
corpora/aigc_bench_ext/images/Real/ood_0013771.jpg,0,aigc_bench_ext,Real
corpora/aigc_bench_ext/images/Real/ood_0013773.jpg,0,aigc_bench_ext,Real
corpora/aigc_bench_ext/images/Real/ood_0013775.jpg,0,aigc_bench_ext,Real
corpora/aigc_bench_ext/images/Real/ood_0013777.jpg,0,aigc_bench_ext,Real
corpora/aigc_bench_ext/images/Real/ood_0013779.jpg,0,aigc_bench_ext,Real
corpora/aigc_bench_ext/images/Real/ood_0013781.jpg,0,aigc_bench_ext,Real
corpora/aigc_bench_ext/images/Real/ood_0013783.jpg,0,aigc_bench_ext,Real
corpora/aigc_bench_ext/images/Real/ood_0013785.jpg,0,aigc_bench_ext,Real
corpora/aigc_bench_ext/images/Real/ood_0013787.jpg,0,aigc_bench_ext,Real
corpora/aigc_bench_ext/images/Real/ood_0013789.jpg,0,aigc_bench_ext,Real
corpora/aigc_bench_ext/images/Real/ood_0013791.jpg,0,aigc_bench_ext,Real
corpora/aigc_bench_ext/images/Real/ood_0013793.jpg,0,aigc_bench_ext,Real
corpora/aigc_bench_ext/images/Real/ood_0013795.jpg,0,aigc_bench_ext,Real
corpora/aigc_bench_ext/images/Real/ood_0013797.jpg,0,aigc_bench_ext,Real
corpora/aigc_bench_ext/images/Real/ood_0013799.jpg,0,aigc_bench_ext,Real
corpora/aigc_bench_ext/images/Real/ood_0013801.jpg,0,aigc_bench_ext,Real
corpora/aigc_bench_ext/images/Real/ood_0013803.jpg,0,aigc_bench_ext,Real
corpora/aigc_bench_ext/images/Real/ood_0013805.jpg,0,aigc_bench_ext,Real
corpora/aigc_bench_ext/images/Real/ood_0013807.jpg,0,aigc_bench_ext,Real
corpora/aigc_bench_ext/images/Real/ood_0013809.jpg,0,aigc_bench_ext,Real
corpora/aigc_bench_ext/images/Real/ood_0013811.jpg,0,aigc_bench_ext,Real
corpora/aigc_bench_ext/images/Real/ood_0013813.jpg,0,aigc_bench_ext,Real
corpora/aigc_bench_ext/images/Real/ood_0013815.jpg,0,aigc_bench_ext,Real
corpora/aigc_bench_ext/images/Real/ood_0013817.jpg,0,aigc_bench_ext,Real
corpora/aigc_bench_ext/images/Real/ood_0013819.jpg,0,aigc_bench_ext,Real
corpora/aigc_bench_ext/images/Real/ood_0013821.jpg,0,aigc_bench_ext,Real
corpora/aigc_bench_ext/images/Real/ood_0013823.jpg,0,aigc_bench_ext,Real
corpora/aigc_bench_ext/images/Real/ood_0013825.jpg,0,aigc_bench_ext,Real
corpora/aigc_bench_ext/images/Real/ood_0013827.jpg,0,aigc_bench_ext,Real
corpora/aigc_bench_ext/images/Real/ood_0013829.jpg,0,aigc_bench_ext,Real
corpora/aigc_bench_ext/images/Real/ood_0013831.jpg,0,aigc_bench_ext,Real
corpora/aigc_bench_ext/images/Real/ood_0013833.jpg,0,aigc_bench_ext,Real
corpora/aigc_bench_ext/images/Real/ood_0013835.jpg,0,aigc_bench_ext,Real
corpora/aigc_bench_ext/images/Real/ood_0013837.jpg,0,aigc_bench_ext,Real
corpora/aigc_bench_ext/images/Real/ood_0013839.jpg,0,aigc_bench_ext,Real
corpora/aigc_bench_ext/images/Real/ood_0013841.jpg,0,aigc_bench_ext,Real
corpora/aigc_bench_ext/images/Real/ood_0013843.jpg,0,aigc_bench_ext,Real
corpora/aigc_bench_ext/images/Real/ood_0013845.jpg,0,aigc_bench_ext,Real
corpora/aigc_bench_ext/images/Real/ood_0013847.jpg,0,aigc_bench_ext,Real
corpora/aigc_bench_ext/images/Real/ood_0013849.jpg,0,aigc_bench_ext,Real
corpora/aigc_bench_ext/images/Real/ood_0013851.jpg,0,aigc_bench_ext,Real
corpora/aigc_bench_ext/images/Real/ood_0013853.jpg,0,aigc_bench_ext,Real
corpora/aigc_bench_ext/images/Real/ood_0013855.jpg,0,aigc_bench_ext,Real
corpora/aigc_bench_ext/images/Real/ood_0013857.jpg,0,aigc_bench_ext,Real
corpora/aigc_bench_ext/images/Real/ood_0013859.jpg,0,aigc_bench_ext,Real
corpora/aigc_bench_ext/images/Real/ood_0013861.jpg,0,aigc_bench_ext,Real
corpora/aigc_bench_ext/images/Real/ood_0013863.jpg,0,aigc_bench_ext,Real
corpora/aigc_bench_ext/images/Real/ood_0013865.jpg,0,aigc_bench_ext,Real
corpora/aigc_bench_ext/images/Real/ood_0013867.jpg,0,aigc_bench_ext,Real
corpora/aigc_bench_ext/images/Real/ood_0013869.jpg,0,aigc_bench_ext,Real
corpora/aigc_bench_ext/images/Real/ood_0013871.jpg,0,aigc_bench_ext,Real
corpora/aigc_bench_ext/images/Real/ood_0013873.jpg,0,aigc_bench_ext,Real
corpora/aigc_bench_ext/images/Real/ood_0013875.jpg,0,aigc_bench_ext,Real
corpora/aigc_bench_ext/images/Real/ood_0013877.jpg,0,aigc_bench_ext,Real
corpora/aigc_bench_ext/images/Real/ood_0013879.jpg,0,aigc_bench_ext,Real
corpora/aigc_bench_ext/images/Real/ood_0013881.jpg,0,aigc_bench_ext,Real
corpora/aigc_bench_ext/images/Real/ood_0013883.jpg,0,aigc_bench_ext,Real
corpora/aigc_bench_ext/images/Real/ood_0013885.jpg,0,aigc_bench_ext,Real
corpora/aigc_bench_ext/images/Real/ood_0013887.jpg,0,aigc_bench_ext,Real
corpora/aigc_bench_ext/images/Real/ood_0013889.jpg,0,aigc_bench_ext,Real
corpora/aigc_bench_ext/images/Real/ood_0013891.jpg,0,aigc_bench_ext,Real
corpora/aigc_bench_ext/images/Real/ood_0013893.jpg,0,aigc_bench_ext,Real
corpora/aigc_bench_ext/images/Real/ood_0013895.jpg,0,aigc_bench_ext,Real
corpora/aigc_bench_ext/images/Real/ood_0013897.jpg,0,aigc_bench_ext,Real
corpora/aigc_bench_ext/images/Real/ood_0013899.jpg,0,aigc_bench_ext,Real
corpora/aigc_bench_ext/images/Real/ood_0013901.jpg,0,aigc_bench_ext,Real
corpora/aigc_bench_ext/images/Real/ood_0013903.jpg,0,aigc_bench_ext,Real
corpora/aigc_bench_ext/images/Real/ood_0013905.jpg,0,aigc_bench_ext,Real
corpora/aigc_bench_ext/images/Real/ood_0013907.jpg,0,aigc_bench_ext,Real
corpora/aigc_bench_ext/images/Real/ood_0013909.jpg,0,aigc_bench_ext,Real
corpora/aigc_bench_ext/images/Real/ood_0013911.jpg,0,aigc_bench_ext,Real
corpora/aigc_bench_ext/images/Real/ood_0013913.jpg,0,aigc_bench_ext,Real
corpora/aigc_bench_ext/images/Real/ood_0013915.jpg,0,aigc_bench_ext,Real
corpora/aigc_bench_ext/images/Real/ood_0013917.jpg,0,aigc_bench_ext,Real
corpora/aigc_bench_ext/images/Real/ood_0013919.jpg,0,aigc_bench_ext,Real
corpora/aigc_bench_ext/images/Real/ood_0013921.jpg,0,aigc_bench_ext,Real
corpora/aigc_bench_ext/images/Real/ood_0013923.jpg,0,aigc_bench_ext,Real
corpora/aigc_bench_ext/images/Real/ood_0013925.jpg,0,aigc_bench_ext,Real
corpora/aigc_bench_ext/images/Real/ood_0013927.jpg,0,aigc_bench_ext,Real
corpora/aigc_bench_ext/images/Real/ood_0013929.jpg,0,aigc_bench_ext,Real
corpora/aigc_bench_ext/images/Real/ood_0013931.jpg,0,aigc_bench_ext,Real
corpora/aigc_bench_ext/images/Real/ood_0013933.jpg,0,aigc_bench_ext,Real
corpora/aigc_bench_ext/images/Real/ood_0013935.jpg,0,aigc_bench_ext,Real
corpora/aigc_bench_ext/images/Real/ood_0013937.jpg,0,aigc_bench_ext,Real
corpora/aigc_bench_ext/images/Real/ood_0013939.jpg,0,aigc_bench_ext,Real
corpora/aigc_bench_ext/images/Real/ood_0013941.jpg,0,aigc_bench_ext,Real
corpora/aigc_bench_ext/images/Real/ood_0013943.jpg,0,aigc_bench_ext,Real
corpora/aigc_bench_ext/images/Real/ood_0013945.jpg,0,aigc_bench_ext,Real
corpora/aigc_bench_ext/images/Real/ood_0013947.jpg,0,aigc_bench_ext,Real
corpora/aigc_bench_ext/images/Real/ood_0013949.jpg,0,aigc_bench_ext,Real
corpora/aigc_bench_ext/images/Real/ood_0013951.jpg,0,aigc_bench_ext,Real
corpora/aigc_bench_ext/images/Real/ood_0013953.jpg,0,aigc_bench_ext,Real
corpora/aigc_bench_ext/images/Real/ood_0013955.jpg,0,aigc_bench_ext,Real
corpora/aigc_bench_ext/images/Real/ood_0013957.jpg,0,aigc_bench_ext,Real
corpora/aigc_bench_ext/images/Real/ood_0013959.jpg,0,aigc_bench_ext,Real
corpora/aigc_bench_ext/images/Real/ood_0013961.jpg,0,aigc_bench_ext,Real
corpora/aigc_bench_ext/images/Real/ood_0013963.jpg,0,aigc_bench_ext,Real
corpora/aigc_bench_ext/images/Real/ood_0013965.jpg,0,aigc_bench_ext,Real
corpora/aigc_bench_ext/images/Real/ood_0013967.jpg,0,aigc_bench_ext,Real
corpora/aigc_bench_ext/images/Real/ood_0013969.jpg,0,aigc_bench_ext,Real
corpora/aigc_bench_ext/images/Real/ood_0013971.jpg,0,aigc_bench_ext,Real
corpora/aigc_bench_ext/images/Real/ood_0013973.jpg,0,aigc_bench_ext,Real
corpora/aigc_bench_ext/images/Real/ood_0013975.jpg,0,aigc_bench_ext,Real
corpora/aigc_bench_ext/images/Real/ood_0013977.jpg,0,aigc_bench_ext,Real
corpora/aigc_bench_ext/images/Real/ood_0013979.jpg,0,aigc_bench_ext,Real
corpora/aigc_bench_ext/images/Real/ood_0013981.jpg,0,aigc_bench_ext,Real
corpora/aigc_bench_ext/images/Real/ood_0013983.jpg,0,aigc_bench_ext,Real
corpora/aigc_bench_ext/images/Real/ood_0013985.jpg,0,aigc_bench_ext,Real
corpora/aigc_bench_ext/images/Real/ood_0013987.jpg,0,aigc_bench_ext,Real
corpora/aigc_bench_ext/images/Real/ood_0013989.jpg,0,aigc_bench_ext,Real
corpora/aigc_bench_ext/images/Real/ood_0013991.jpg,0,aigc_bench_ext,Real
corpora/aigc_bench_ext/images/Real/ood_0013993.jpg,0,aigc_bench_ext,Real
corpora/aigc_bench_ext/images/Real/ood_0013995.jpg,0,aigc_bench_ext,Real
corpora/aigc_bench_ext/images/Real/ood_0013997.jpg,0,aigc_bench_ext,Real
corpora/aigc_bench_ext/images/Real/ood_0013999.jpg,0,aigc_bench_ext,Real
corpora/aigc_bench_ext/images/Real/ood_0014001.jpg,0,aigc_bench_ext,Real
corpora/aigc_bench_ext/images/Real/ood_0014003.jpg,0,aigc_bench_ext,Real
corpora/aigc_bench_ext/images/Real/ood_0014005.jpg,0,aigc_bench_ext,Real
corpora/aigc_bench_ext/images/Real/ood_0014007.jpg,0,aigc_bench_ext,Real
corpora/aigc_bench_ext/images/Real/ood_0014009.jpg,0,aigc_bench_ext,Real
corpora/aigc_bench_ext/images/Real/ood_0014011.jpg,0,aigc_bench_ext,Real
corpora/aigc_bench_ext/images/Real/ood_0014013.jpg,0,aigc_bench_ext,Real
corpora/aigc_bench_ext/images/Real/ood_0014015.jpg,0,aigc_bench_ext,Real
corpora/aigc_bench_ext/images/Real/ood_0014017.jpg,0,aigc_bench_ext,Real
corpora/aigc_bench_ext/images/Real/ood_0014019.jpg,0,aigc_bench_ext,Real
corpora/aigc_bench_ext/images/Real/ood_0014021.jpg,0,aigc_bench_ext,Real
corpora/aigc_bench_ext/images/Real/ood_0014023.jpg,0,aigc_bench_ext,Real
corpora/aigc_bench_ext/images/Real/ood_0014025.jpg,0,aigc_bench_ext,Real
corpora/aigc_bench_ext/images/Real/ood_0014027.jpg,0,aigc_bench_ext,Real
corpora/aigc_bench_ext/images/Real/ood_0014029.jpg,0,aigc_bench_ext,Real
corpora/aigc_bench_ext/images/Real/ood_0014031.jpg,0,aigc_bench_ext,Real
corpora/aigc_bench_ext/images/Real/ood_0014033.jpg,0,aigc_bench_ext,Real
corpora/aigc_bench_ext/images/Real/ood_0014035.jpg,0,aigc_bench_ext,Real
corpora/aigc_bench_ext/images/Real/ood_0014037.jpg,0,aigc_bench_ext,Real
corpora/aigc_bench_ext/images/Real/ood_0014039.jpg,0,aigc_bench_ext,Real
corpora/aigc_bench_ext/images/Real/ood_0014041.jpg,0,aigc_bench_ext,Real
corpora/aigc_bench_ext/images/Real/ood_0014043.jpg,0,aigc_bench_ext,Real
corpora/aigc_bench_ext/images/Real/ood_0014045.jpg,0,aigc_bench_ext,Real
corpora/aigc_bench_ext/images/Real/ood_0014047.jpg,0,aigc_bench_ext,Real
corpora/aigc_bench_ext/images/Real/ood_0014049.jpg,0,aigc_bench_ext,Real
corpora/aigc_bench_ext/images/Real/ood_0014051.jpg,0,aigc_bench_ext,Real
corpora/aigc_bench_ext/images/Real/ood_0014053.jpg,0,aigc_bench_ext,Real
corpora/aigc_bench_ext/images/Real/ood_0014055.jpg,0,aigc_bench_ext,Real
corpora/aigc_bench_ext/images/Real/ood_0014057.jpg,0,aigc_bench_ext,Real
corpora/aigc_bench_ext/images/Real/ood_0014059.jpg,0,aigc_bench_ext,Real
corpora/aigc_bench_ext/images/Real/ood_0014061.jpg,0,aigc_bench_ext,Real
corpora/aigc_bench_ext/images/Real/ood_0014063.jpg,0,aigc_bench_ext,Real
corpora/aigc_bench_ext/images/Real/ood_0014065.jpg,0,aigc_bench_ext,Real
corpora/aigc_bench_ext/images/Real/ood_0014067.jpg,0,aigc_bench_ext,Real
corpora/aigc_bench_ext/images/Real/ood_0014069.jpg,0,aigc_bench_ext,Real
corpora/aigc_bench_ext/images/Real/ood_0014071.jpg,0,aigc_bench_ext,Real
corpora/aigc_bench_ext/images/Real/ood_0014073.jpg,0,aigc_bench_ext,Real
corpora/aigc_bench_ext/images/Real/ood_0014075.jpg,0,aigc_bench_ext,Real
corpora/aigc_bench_ext/images/Real/ood_0014077.jpg,0,aigc_bench_ext,Real
corpora/aigc_bench_ext/images/Real/ood_0014079.jpg,0,aigc_bench_ext,Real
corpora/aigc_bench_ext/images/Real/ood_0014081.jpg,0,aigc_bench_ext,Real
corpora/aigc_bench_ext/images/Real/ood_0014083.jpg,0,aigc_bench_ext,Real
corpora/aigc_bench_ext/images/Real/ood_0014085.jpg,0,aigc_bench_ext,Real
corpora/aigc_bench_ext/images/Real/ood_0014087.jpg,0,aigc_bench_ext,Real
corpora/aigc_bench_ext/images/Real/ood_0014089.jpg,0,aigc_bench_ext,Real
corpora/aigc_bench_ext/images/Real/ood_0014091.jpg,0,aigc_bench_ext,Real
corpora/aigc_bench_ext/images/Real/ood_0014093.jpg,0,aigc_bench_ext,Real
corpora/aigc_bench_ext/images/Real/ood_0014095.jpg,0,aigc_bench_ext,Real
corpora/aigc_bench_ext/images/Real/ood_0014097.jpg,0,aigc_bench_ext,Real
corpora/aigc_bench_ext/images/Real/ood_0014099.jpg,0,aigc_bench_ext,Real
corpora/aigc_bench_ext/images/Real/ood_0014101.jpg,0,aigc_bench_ext,Real
corpora/aigc_bench_ext/images/Real/ood_0014103.jpg,0,aigc_bench_ext,Real
corpora/aigc_bench_ext/images/Real/ood_0014105.jpg,0,aigc_bench_ext,Real
corpora/aigc_bench_ext/images/Real/ood_0014107.jpg,0,aigc_bench_ext,Real
corpora/aigc_bench_ext/images/Real/ood_0014109.jpg,0,aigc_bench_ext,Real
corpora/aigc_bench_ext/images/Real/ood_0014111.jpg,0,aigc_bench_ext,Real
corpora/aigc_bench_ext/images/Real/ood_0014113.jpg,0,aigc_bench_ext,Real
corpora/aigc_bench_ext/images/Real/ood_0014115.jpg,0,aigc_bench_ext,Real
corpora/aigc_bench_ext/images/Real/ood_0014117.jpg,0,aigc_bench_ext,Real
corpora/aigc_bench_ext/images/Real/ood_0014119.jpg,0,aigc_bench_ext,Real
corpora/aigc_bench_ext/images/Real/ood_0014121.jpg,0,aigc_bench_ext,Real
corpora/aigc_bench_ext/images/Real/ood_0014123.jpg,0,aigc_bench_ext,Real
corpora/aigc_bench_ext/images/Real/ood_0014125.jpg,0,aigc_bench_ext,Real
corpora/aigc_bench_ext/images/Real/ood_0014127.jpg,0,aigc_bench_ext,Real
corpora/aigc_bench_ext/images/Real/ood_0014129.jpg,0,aigc_bench_ext,Real
corpora/aigc_bench_ext/images/Real/ood_0014131.jpg,0,aigc_bench_ext,Real
corpora/aigc_bench_ext/images/Real/ood_0014133.jpg,0,aigc_bench_ext,Real
corpora/aigc_bench_ext/images/Real/ood_0014135.jpg,0,aigc_bench_ext,Real
corpora/aigc_bench_ext/images/Real/ood_0014137.jpg,0,aigc_bench_ext,Real
corpora/aigc_bench_ext/images/Real/ood_0014139.jpg,0,aigc_bench_ext,Real
corpora/aigc_bench_ext/images/Real/ood_0014141.jpg,0,aigc_bench_ext,Real
corpora/aigc_bench_ext/images/Real/ood_0014143.jpg,0,aigc_bench_ext,Real
corpora/aigc_bench_ext/images/Real/ood_0014145.jpg,0,aigc_bench_ext,Real
corpora/aigc_bench_ext/images/Real/ood_0014147.jpg,0,aigc_bench_ext,Real
corpora/aigc_bench_ext/images/Real/ood_0014149.jpg,0,aigc_bench_ext,Real
corpora/aigc_bench_ext/images/Real/ood_0014151.jpg,0,aigc_bench_ext,Real
corpora/aigc_bench_ext/images/Real/ood_0014153.jpg,0,aigc_bench_ext,Real
corpora/aigc_bench_ext/images/Real/ood_0014155.jpg,0,aigc_bench_ext,Real
corpora/aigc_bench_ext/images/Real/ood_0014157.jpg,0,aigc_bench_ext,Real
corpora/aigc_bench_ext/images/Real/ood_0014159.jpg,0,aigc_bench_ext,Real
corpora/aigc_bench_ext/images/Real/ood_0014161.jpg,0,aigc_bench_ext,Real
corpora/aigc_bench_ext/images/Real/ood_0014163.jpg,0,aigc_bench_ext,Real
corpora/aigc_bench_ext/images/Real/ood_0014165.jpg,0,aigc_bench_ext,Real
corpora/aigc_bench_ext/images/Real/ood_0014167.jpg,0,aigc_bench_ext,Real
corpora/aigc_bench_ext/images/Real/ood_0014169.jpg,0,aigc_bench_ext,Real
corpora/aigc_bench_ext/images/Real/ood_0014171.jpg,0,aigc_bench_ext,Real
corpora/aigc_bench_ext/images/Real/ood_0014173.jpg,0,aigc_bench_ext,Real
corpora/aigc_bench_ext/images/Real/ood_0014175.jpg,0,aigc_bench_ext,Real
corpora/aigc_bench_ext/images/Real/ood_0014177.jpg,0,aigc_bench_ext,Real
corpora/aigc_bench_ext/images/Real/ood_0014179.jpg,0,aigc_bench_ext,Real
corpora/aigc_bench_ext/images/Real/ood_0014181.jpg,0,aigc_bench_ext,Real
corpora/aigc_bench_ext/images/Real/ood_0014183.jpg,0,aigc_bench_ext,Real
corpora/aigc_bench_ext/images/Real/ood_0014185.jpg,0,aigc_bench_ext,Real
corpora/aigc_bench_ext/images/Real/ood_0014187.jpg,0,aigc_bench_ext,Real
corpora/aigc_bench_ext/images/Real/ood_0014189.jpg,0,aigc_bench_ext,Real
corpora/aigc_bench_ext/images/Real/ood_0014191.jpg,0,aigc_bench_ext,Real
corpora/aigc_bench_ext/images/Real/ood_0014193.jpg,0,aigc_bench_ext,Real
corpora/aigc_bench_ext/images/Real/ood_0014195.jpg,0,aigc_bench_ext,Real
corpora/aigc_bench_ext/images/Real/ood_0014197.jpg,0,aigc_bench_ext,Real
corpora/aigc_bench_ext/images/Real/ood_0014199.jpg,0,aigc_bench_ext,Real
corpora/aigc_bench_ext/images/Real/ood_0014201.jpg,0,aigc_bench_ext,Real
corpora/aigc_bench_ext/images/Real/ood_0014203.jpg,0,aigc_bench_ext,Real
corpora/aigc_bench_ext/images/Real/ood_0014205.jpg,0,aigc_bench_ext,Real
corpora/aigc_bench_ext/images/Real/ood_0014207.jpg,0,aigc_bench_ext,Real
corpora/aigc_bench_ext/images/Real/ood_0014209.jpg,0,aigc_bench_ext,Real
corpora/aigc_bench_ext/images/Real/ood_0014211.jpg,0,aigc_bench_ext,Real
corpora/aigc_bench_ext/images/Real/ood_0014213.jpg,0,aigc_bench_ext,Real
corpora/aigc_bench_ext/images/Real/ood_0014215.jpg,0,aigc_bench_ext,Real
corpora/aigc_bench_ext/images/Real/ood_0014217.jpg,0,aigc_bench_ext,Real
corpora/aigc_bench_ext/images/Real/ood_0014219.jpg,0,aigc_bench_ext,Real
corpora/aigc_bench_ext/images/Real/ood_0014221.jpg,0,aigc_bench_ext,Real
corpora/aigc_bench_ext/images/Real/ood_0014223.jpg,0,aigc_bench_ext,Real
corpora/aigc_bench_ext/images/Real/ood_0014225.jpg,0,aigc_bench_ext,Real
corpora/aigc_bench_ext/images/Real/ood_0014227.jpg,0,aigc_bench_ext,Real
corpora/aigc_bench_ext/images/Real/ood_0014229.jpg,0,aigc_bench_ext,Real
corpora/aigc_bench_ext/images/Real/ood_0014231.jpg,0,aigc_bench_ext,Real
corpora/aigc_bench_ext/images/Real/ood_0014233.jpg,0,aigc_bench_ext,Real
corpora/aigc_bench_ext/images/Real/ood_0014235.jpg,0,aigc_bench_ext,Real
corpora/aigc_bench_ext/images/Real/ood_0014237.jpg,0,aigc_bench_ext,Real
corpora/aigc_bench_ext/images/Real/ood_0014239.jpg,0,aigc_bench_ext,Real
corpora/aigc_bench_ext/images/Real/ood_0014241.jpg,0,aigc_bench_ext,Real
corpora/aigc_bench_ext/images/Real/ood_0014243.jpg,0,aigc_bench_ext,Real
corpora/aigc_bench_ext/images/Real/ood_0014245.jpg,0,aigc_bench_ext,Real
corpora/aigc_bench_ext/images/Real/ood_0014247.jpg,0,aigc_bench_ext,Real
corpora/aigc_bench_ext/images/Real/ood_0014249.jpg,0,aigc_bench_ext,Real
corpora/aigc_bench_ext/images/Real/ood_0014251.jpg,0,aigc_bench_ext,Real
corpora/aigc_bench_ext/images/Real/ood_0014253.jpg,0,aigc_bench_ext,Real
corpora/aigc_bench_ext/images/Real/ood_0014255.jpg,0,aigc_bench_ext,Real
corpora/aigc_bench_ext/images/Real/ood_0014257.jpg,0,aigc_bench_ext,Real
corpora/aigc_bench_ext/images/Real/ood_0014259.jpg,0,aigc_bench_ext,Real
corpora/aigc_bench_ext/images/Real/ood_0014261.jpg,0,aigc_bench_ext,Real
corpora/aigc_bench_ext/images/Real/ood_0014263.jpg,0,aigc_bench_ext,Real
corpora/aigc_bench_ext/images/Real/ood_0014265.jpg,0,aigc_bench_ext,Real
corpora/aigc_bench_ext/images/Real/ood_0014267.jpg,0,aigc_bench_ext,Real
corpora/aigc_bench_ext/images/Real/ood_0014269.jpg,0,aigc_bench_ext,Real
corpora/aigc_bench_ext/images/Real/ood_0014271.jpg,0,aigc_bench_ext,Real
corpora/aigc_bench_ext/images/Real/ood_0014273.jpg,0,aigc_bench_ext,Real
corpora/aigc_bench_ext/images/Real/ood_0014275.jpg,0,aigc_bench_ext,Real
corpora/aigc_bench_ext/images/Real/ood_0014277.jpg,0,aigc_bench_ext,Real
corpora/aigc_bench_ext/images/Real/ood_0014279.jpg,0,aigc_bench_ext,Real
corpora/aigc_bench_ext/images/Real/ood_0014281.jpg,0,aigc_bench_ext,Real
corpora/aigc_bench_ext/images/Real/ood_0014283.jpg,0,aigc_bench_ext,Real
corpora/aigc_bench_ext/images/Real/ood_0014285.jpg,0,aigc_bench_ext,Real
corpora/aigc_bench_ext/images/Real/ood_0014287.jpg,0,aigc_bench_ext,Real
corpora/aigc_bench_ext/images/Real/ood_0014289.jpg,0,aigc_bench_ext,Real
corpora/aigc_bench_ext/images/Real/ood_0014291.jpg,0,aigc_bench_ext,Real
corpora/aigc_bench_ext/images/Real/ood_0014293.jpg,0,aigc_bench_ext,Real
corpora/aigc_bench_ext/images/Real/ood_0014295.jpg,0,aigc_bench_ext,Real
corpora/aigc_bench_ext/images/Real/ood_0014297.jpg,0,aigc_bench_ext,Real
corpora/aigc_bench_ext/images/Real/ood_0014299.jpg,0,aigc_bench_ext,Real
corpora/aigc_bench_ext/images/Real/ood_0014301.jpg,0,aigc_bench_ext,Real
corpora/aigc_bench_ext/images/Real/ood_0014303.jpg,0,aigc_bench_ext,Real
corpora/aigc_bench_ext/images/Real/ood_0014305.jpg,0,aigc_bench_ext,Real
corpora/aigc_bench_ext/images/Real/ood_0014307.jpg,0,aigc_bench_ext,Real
corpora/aigc_bench_ext/images/Real/ood_0014309.jpg,0,aigc_bench_ext,Real
corpora/aigc_bench_ext/images/Real/ood_0014311.jpg,0,aigc_bench_ext,Real
corpora/aigc_bench_ext/images/Real/ood_0014313.jpg,0,aigc_bench_ext,Real
corpora/aigc_bench_ext/images/Real/ood_0014315.jpg,0,aigc_bench_ext,Real
corpora/aigc_bench_ext/images/Real/ood_0014317.jpg,0,aigc_bench_ext,Real
corpora/aigc_bench_ext/images/Real/ood_0014319.jpg,0,aigc_bench_ext,Real
corpora/aigc_bench_ext/images/Real/ood_0014321.jpg,0,aigc_bench_ext,Real
corpora/aigc_bench_ext/images/Real/ood_0014323.jpg,0,aigc_bench_ext,Real
corpora/aigc_bench_ext/images/Real/ood_0014325.jpg,0,aigc_bench_ext,Real
corpora/aigc_bench_ext/images/Real/ood_0014327.jpg,0,aigc_bench_ext,Real
corpora/aigc_bench_ext/images/Real/ood_0014329.jpg,0,aigc_bench_ext,Real
corpora/aigc_bench_ext/images/Real/ood_0014331.jpg,0,aigc_bench_ext,Real
corpora/aigc_bench_ext/images/Real/ood_0014333.jpg,0,aigc_bench_ext,Real
corpora/aigc_bench_ext/images/Real/ood_0014335.jpg,0,aigc_bench_ext,Real
corpora/aigc_bench_ext/images/Real/ood_0014337.jpg,0,aigc_bench_ext,Real
corpora/aigc_bench_ext/images/Real/ood_0014339.jpg,0,aigc_bench_ext,Real
corpora/aigc_bench_ext/images/Real/ood_0014341.jpg,0,aigc_bench_ext,Real
corpora/aigc_bench_ext/images/Real/ood_0014343.jpg,0,aigc_bench_ext,Real
corpora/aigc_bench_ext/images/Real/ood_0014345.jpg,0,aigc_bench_ext,Real
corpora/aigc_bench_ext/images/Real/ood_0014347.jpg,0,aigc_bench_ext,Real
corpora/aigc_bench_ext/images/Real/ood_0014349.jpg,0,aigc_bench_ext,Real
corpora/aigc_bench_ext/images/Real/ood_0014351.jpg,0,aigc_bench_ext,Real
corpora/aigc_bench_ext/images/Real/ood_0014353.jpg,0,aigc_bench_ext,Real
corpora/aigc_bench_ext/images/Real/ood_0014355.jpg,0,aigc_bench_ext,Real
corpora/aigc_bench_ext/images/Real/ood_0014357.jpg,0,aigc_bench_ext,Real
corpora/aigc_bench_ext/images/Real/ood_0014359.jpg,0,aigc_bench_ext,Real
corpora/aigc_bench_ext/images/Real/ood_0014361.jpg,0,aigc_bench_ext,Real
corpora/aigc_bench_ext/images/Real/ood_0014363.jpg,0,aigc_bench_ext,Real
corpora/aigc_bench_ext/images/Real/ood_0014365.jpg,0,aigc_bench_ext,Real
corpora/aigc_bench_ext/images/Real/ood_0014367.jpg,0,aigc_bench_ext,Real
corpora/aigc_bench_ext/images/Real/ood_0014369.jpg,0,aigc_bench_ext,Real
corpora/aigc_bench_ext/images/Real/ood_0014371.jpg,0,aigc_bench_ext,Real
corpora/aigc_bench_ext/images/Real/ood_0014373.jpg,0,aigc_bench_ext,Real
corpora/aigc_bench_ext/images/Real/ood_0014375.jpg,0,aigc_bench_ext,Real
corpora/aigc_bench_ext/images/Real/ood_0014377.jpg,0,aigc_bench_ext,Real
corpora/aigc_bench_ext/images/Real/ood_0014379.jpg,0,aigc_bench_ext,Real
corpora/aigc_bench_ext/images/Real/ood_0014381.jpg,0,aigc_bench_ext,Real
corpora/aigc_bench_ext/images/Real/ood_0014383.jpg,0,aigc_bench_ext,Real
corpora/aigc_bench_ext/images/Real/ood_0014385.jpg,0,aigc_bench_ext,Real
corpora/aigc_bench_ext/images/Real/ood_0014387.jpg,0,aigc_bench_ext,Real
corpora/aigc_bench_ext/images/Real/ood_0014389.jpg,0,aigc_bench_ext,Real
corpora/aigc_bench_ext/images/Real/ood_0014391.jpg,0,aigc_bench_ext,Real
corpora/aigc_bench_ext/images/Real/ood_0014393.jpg,0,aigc_bench_ext,Real
corpora/aigc_bench_ext/images/Real/ood_0014395.jpg,0,aigc_bench_ext,Real
corpora/aigc_bench_ext/images/Real/ood_0014397.jpg,0,aigc_bench_ext,Real
corpora/aigc_bench_ext/images/Real/ood_0014399.jpg,0,aigc_bench_ext,Real
corpora/aigc_bench_ext/images/Real/ood_0014401.jpg,0,aigc_bench_ext,Real
corpora/aigc_bench_ext/images/Real/ood_0014403.jpg,0,aigc_bench_ext,Real
corpora/aigc_bench_ext/images/Real/ood_0014405.jpg,0,aigc_bench_ext,Real
corpora/aigc_bench_ext/images/Real/ood_0014407.jpg,0,aigc_bench_ext,Real
corpora/aigc_bench_ext/images/Real/ood_0014409.jpg,0,aigc_bench_ext,Real
corpora/aigc_bench_ext/images/Real/ood_0014411.jpg,0,aigc_bench_ext,Real
corpora/aigc_bench_ext/images/Real/ood_0014413.jpg,0,aigc_bench_ext,Real
corpora/aigc_bench_ext/images/Real/ood_0014415.jpg,0,aigc_bench_ext,Real
corpora/aigc_bench_ext/images/Real/ood_0014417.jpg,0,aigc_bench_ext,Real
corpora/aigc_bench_ext/images/Real/ood_0014419.jpg,0,aigc_bench_ext,Real
corpora/aigc_bench_ext/images/Real/ood_0014421.jpg,0,aigc_bench_ext,Real
corpora/aigc_bench_ext/images/Real/ood_0014423.jpg,0,aigc_bench_ext,Real
corpora/aigc_bench_ext/images/Real/ood_0014425.jpg,0,aigc_bench_ext,Real
corpora/aigc_bench_ext/images/Real/ood_0014427.jpg,0,aigc_bench_ext,Real
corpora/aigc_bench_ext/images/Real/ood_0014429.jpg,0,aigc_bench_ext,Real
corpora/aigc_bench_ext/images/Real/ood_0014431.jpg,0,aigc_bench_ext,Real
corpora/aigc_bench_ext/images/Real/ood_0014433.jpg,0,aigc_bench_ext,Real
corpora/aigc_bench_ext/images/Real/ood_0014435.jpg,0,aigc_bench_ext,Real
corpora/aigc_bench_ext/images/Real/ood_0014437.jpg,0,aigc_bench_ext,Real
corpora/aigc_bench_ext/images/Real/ood_0014439.jpg,0,aigc_bench_ext,Real
corpora/aigc_bench_ext/images/Real/ood_0014441.jpg,0,aigc_bench_ext,Real
corpora/aigc_bench_ext/images/Real/ood_0014443.jpg,0,aigc_bench_ext,Real
corpora/aigc_bench_ext/images/Real/ood_0014445.jpg,0,aigc_bench_ext,Real
corpora/aigc_bench_ext/images/Real/ood_0014447.jpg,0,aigc_bench_ext,Real
corpora/aigc_bench_ext/images/Real/ood_0014449.jpg,0,aigc_bench_ext,Real
corpora/aigc_bench_ext/images/Real/ood_0014451.jpg,0,aigc_bench_ext,Real
corpora/aigc_bench_ext/images/Real/ood_0014453.jpg,0,aigc_bench_ext,Real
corpora/aigc_bench_ext/images/Real/ood_0014455.jpg,0,aigc_bench_ext,Real
corpora/aigc_bench_ext/images/Real/ood_0014457.jpg,0,aigc_bench_ext,Real
corpora/aigc_bench_ext/images/Real/ood_0014459.jpg,0,aigc_bench_ext,Real
corpora/aigc_bench_ext/images/Real/ood_0014461.jpg,0,aigc_bench_ext,Real
corpora/aigc_bench_ext/images/Real/ood_0014463.jpg,0,aigc_bench_ext,Real
corpora/aigc_bench_ext/images/Real/ood_0014465.jpg,0,aigc_bench_ext,Real
corpora/aigc_bench_ext/images/Real/ood_0014467.jpg,0,aigc_bench_ext,Real
corpora/aigc_bench_ext/images/Real/ood_0014469.jpg,0,aigc_bench_ext,Real
corpora/aigc_bench_ext/images/Real/ood_0014471.jpg,0,aigc_bench_ext,Real
corpora/aigc_bench_ext/images/Real/ood_0014473.jpg,0,aigc_bench_ext,Real
corpora/aigc_bench_ext/images/Real/ood_0014475.jpg,0,aigc_bench_ext,Real
corpora/aigc_bench_ext/images/Real/ood_0014477.jpg,0,aigc_bench_ext,Real
corpora/aigc_bench_ext/images/Real/ood_0014479.jpg,0,aigc_bench_ext,Real
corpora/aigc_bench_ext/images/Real/ood_0014481.jpg,0,aigc_bench_ext,Real
corpora/aigc_bench_ext/images/Real/ood_0014483.jpg,0,aigc_bench_ext,Real
corpora/aigc_bench_ext/images/Real/ood_0014485.jpg,0,aigc_bench_ext,Real
corpora/aigc_bench_ext/images/Real/ood_0014487.jpg,0,aigc_bench_ext,Real
corpora/aigc_bench_ext/images/Real/ood_0014489.jpg,0,aigc_bench_ext,Real
corpora/aigc_bench_ext/images/Real/ood_0014491.jpg,0,aigc_bench_ext,Real
corpora/aigc_bench_ext/images/Real/ood_0014493.jpg,0,aigc_bench_ext,Real
corpora/aigc_bench_ext/images/Real/ood_0014495.jpg,0,aigc_bench_ext,Real
corpora/aigc_bench_ext/images/Real/ood_0014497.jpg,0,aigc_bench_ext,Real
corpora/aigc_bench_ext/images/Real/ood_0014499.jpg,0,aigc_bench_ext,Real
corpora/aigc_bench_ext/images/Real/ood_0014501.jpg,0,aigc_bench_ext,Real
corpora/aigc_bench_ext/images/Real/ood_0014503.jpg,0,aigc_bench_ext,Real
corpora/aigc_bench_ext/images/Real/ood_0014505.jpg,0,aigc_bench_ext,Real
corpora/aigc_bench_ext/images/Real/ood_0014507.jpg,0,aigc_bench_ext,Real
corpora/aigc_bench_ext/images/Real/ood_0014509.jpg,0,aigc_bench_ext,Real
corpora/aigc_bench_ext/images/Real/ood_0014511.jpg,0,aigc_bench_ext,Real
corpora/aigc_bench_ext/images/Real/ood_0014513.jpg,0,aigc_bench_ext,Real
corpora/aigc_bench_ext/images/Real/ood_0014515.jpg,0,aigc_bench_ext,Real
corpora/aigc_bench_ext/images/Real/ood_0014517.jpg,0,aigc_bench_ext,Real
corpora/aigc_bench_ext/images/Real/ood_0014519.jpg,0,aigc_bench_ext,Real
corpora/aigc_bench_ext/images/Real/ood_0014521.jpg,0,aigc_bench_ext,Real
corpora/aigc_bench_ext/images/Real/ood_0014523.jpg,0,aigc_bench_ext,Real
corpora/aigc_bench_ext/images/Real/ood_0014525.jpg,0,aigc_bench_ext,Real
corpora/aigc_bench_ext/images/Real/ood_0014527.jpg,0,aigc_bench_ext,Real
corpora/aigc_bench_ext/images/Real/ood_0014529.jpg,0,aigc_bench_ext,Real
corpora/aigc_bench_ext/images/Real/ood_0014531.jpg,0,aigc_bench_ext,Real
corpora/aigc_bench_ext/images/Real/ood_0014533.jpg,0,aigc_bench_ext,Real
corpora/aigc_bench_ext/images/Real/ood_0014535.jpg,0,aigc_bench_ext,Real
corpora/aigc_bench_ext/images/Real/ood_0014537.jpg,0,aigc_bench_ext,Real
corpora/aigc_bench_ext/images/Real/ood_0014539.jpg,0,aigc_bench_ext,Real
corpora/aigc_bench_ext/images/Real/ood_0014541.jpg,0,aigc_bench_ext,Real
corpora/aigc_bench_ext/images/Real/ood_0014543.jpg,0,aigc_bench_ext,Real
corpora/aigc_bench_ext/images/Real/ood_0014545.jpg,0,aigc_bench_ext,Real
corpora/aigc_bench_ext/images/Real/ood_0014547.jpg,0,aigc_bench_ext,Real
corpora/aigc_bench_ext/images/Real/ood_0014549.jpg,0,aigc_bench_ext,Real
corpora/aigc_bench_ext/images/Real/ood_0014551.jpg,0,aigc_bench_ext,Real
corpora/aigc_bench_ext/images/Real/ood_0014553.jpg,0,aigc_bench_ext,Real
corpora/aigc_bench_ext/images/Real/ood_0014555.jpg,0,aigc_bench_ext,Real
corpora/aigc_bench_ext/images/Real/ood_0014557.jpg,0,aigc_bench_ext,Real
corpora/aigc_bench_ext/images/Real/ood_0014559.jpg,0,aigc_bench_ext,Real
corpora/aigc_bench_ext/images/Real/ood_0014561.jpg,0,aigc_bench_ext,Real
corpora/aigc_bench_ext/images/Real/ood_0014563.jpg,0,aigc_bench_ext,Real
corpora/aigc_bench_ext/images/Real/ood_0014565.jpg,0,aigc_bench_ext,Real
corpora/aigc_bench_ext/images/Real/ood_0014567.jpg,0,aigc_bench_ext,Real
corpora/aigc_bench_ext/images/Real/ood_0014569.jpg,0,aigc_bench_ext,Real
corpora/aigc_bench_ext/images/Real/ood_0014571.jpg,0,aigc_bench_ext,Real
corpora/aigc_bench_ext/images/Real/ood_0014573.jpg,0,aigc_bench_ext,Real
corpora/aigc_bench_ext/images/Real/ood_0014575.jpg,0,aigc_bench_ext,Real
corpora/aigc_bench_ext/images/Real/ood_0014577.jpg,0,aigc_bench_ext,Real
corpora/aigc_bench_ext/images/Real/ood_0014579.jpg,0,aigc_bench_ext,Real
corpora/aigc_bench_ext/images/Real/ood_0014581.jpg,0,aigc_bench_ext,Real
corpora/aigc_bench_ext/images/Real/ood_0014583.jpg,0,aigc_bench_ext,Real
corpora/aigc_bench_ext/images/Real/ood_0014585.jpg,0,aigc_bench_ext,Real
corpora/aigc_bench_ext/images/Real/ood_0014587.jpg,0,aigc_bench_ext,Real
corpora/aigc_bench_ext/images/Real/ood_0014589.jpg,0,aigc_bench_ext,Real
corpora/aigc_bench_ext/images/Real/ood_0014591.jpg,0,aigc_bench_ext,Real
corpora/aigc_bench_ext/images/Real/ood_0014593.jpg,0,aigc_bench_ext,Real
corpora/aigc_bench_ext/images/Real/ood_0014595.jpg,0,aigc_bench_ext,Real
corpora/aigc_bench_ext/images/Real/ood_0014597.jpg,0,aigc_bench_ext,Real
corpora/aigc_bench_ext/images/Real/ood_0014599.jpg,0,aigc_bench_ext,Real
corpora/aigc_bench_ext/images/Real/ood_0014601.jpg,0,aigc_bench_ext,Real
corpora/aigc_bench_ext/images/Real/ood_0014603.jpg,0,aigc_bench_ext,Real
corpora/aigc_bench_ext/images/Real/ood_0014605.jpg,0,aigc_bench_ext,Real
corpora/aigc_bench_ext/images/Real/ood_0014607.jpg,0,aigc_bench_ext,Real
corpora/aigc_bench_ext/images/Real/ood_0014609.jpg,0,aigc_bench_ext,Real
corpora/aigc_bench_ext/images/Real/ood_0014611.jpg,0,aigc_bench_ext,Real
corpora/aigc_bench_ext/images/Real/ood_0014613.jpg,0,aigc_bench_ext,Real
corpora/aigc_bench_ext/images/Real/ood_0014615.jpg,0,aigc_bench_ext,Real
corpora/aigc_bench_ext/images/Real/ood_0014617.jpg,0,aigc_bench_ext,Real
corpora/aigc_bench_ext/images/Real/ood_0014619.jpg,0,aigc_bench_ext,Real
corpora/aigc_bench_ext/images/Real/ood_0014621.jpg,0,aigc_bench_ext,Real
corpora/aigc_bench_ext/images/Real/ood_0014623.jpg,0,aigc_bench_ext,Real
corpora/aigc_bench_ext/images/Real/ood_0014625.jpg,0,aigc_bench_ext,Real
corpora/aigc_bench_ext/images/Real/ood_0014627.jpg,0,aigc_bench_ext,Real
corpora/aigc_bench_ext/images/Real/ood_0014629.jpg,0,aigc_bench_ext,Real
corpora/aigc_bench_ext/images/Real/ood_0014631.jpg,0,aigc_bench_ext,Real
corpora/aigc_bench_ext/images/Real/ood_0014633.jpg,0,aigc_bench_ext,Real
corpora/aigc_bench_ext/images/Real/ood_0014635.jpg,0,aigc_bench_ext,Real
corpora/aigc_bench_ext/images/Real/ood_0014637.jpg,0,aigc_bench_ext,Real
corpora/aigc_bench_ext/images/Real/ood_0014639.jpg,0,aigc_bench_ext,Real
corpora/aigc_bench_ext/images/Real/ood_0014641.jpg,0,aigc_bench_ext,Real
corpora/aigc_bench_ext/images/Real/ood_0014643.jpg,0,aigc_bench_ext,Real
corpora/aigc_bench_ext/images/Real/ood_0014645.jpg,0,aigc_bench_ext,Real
corpora/aigc_bench_ext/images/Real/ood_0014647.jpg,0,aigc_bench_ext,Real
corpora/aigc_bench_ext/images/Real/ood_0014649.jpg,0,aigc_bench_ext,Real
corpora/aigc_bench_ext/images/Real/ood_0014651.jpg,0,aigc_bench_ext,Real
corpora/aigc_bench_ext/images/Real/ood_0014653.jpg,0,aigc_bench_ext,Real
corpora/aigc_bench_ext/images/Real/ood_0014655.jpg,0,aigc_bench_ext,Real
corpora/aigc_bench_ext/images/Real/ood_0014657.jpg,0,aigc_bench_ext,Real
corpora/aigc_bench_ext/images/Real/ood_0014659.jpg,0,aigc_bench_ext,Real
corpora/aigc_bench_ext/images/Real/ood_0014661.jpg,0,aigc_bench_ext,Real
corpora/aigc_bench_ext/images/Real/ood_0014663.jpg,0,aigc_bench_ext,Real
corpora/aigc_bench_ext/images/Real/ood_0014665.jpg,0,aigc_bench_ext,Real
corpora/aigc_bench_ext/images/Real/ood_0014667.jpg,0,aigc_bench_ext,Real
corpora/aigc_bench_ext/images/Real/ood_0014669.jpg,0,aigc_bench_ext,Real
corpora/aigc_bench_ext/images/Real/ood_0014671.jpg,0,aigc_bench_ext,Real
corpora/aigc_bench_ext/images/Real/ood_0014673.jpg,0,aigc_bench_ext,Real
corpora/aigc_bench_ext/images/Real/ood_0014675.jpg,0,aigc_bench_ext,Real
corpora/aigc_bench_ext/images/Real/ood_0014677.jpg,0,aigc_bench_ext,Real
corpora/aigc_bench_ext/images/Real/ood_0014679.jpg,0,aigc_bench_ext,Real
corpora/aigc_bench_ext/images/Real/ood_0014681.jpg,0,aigc_bench_ext,Real
corpora/aigc_bench_ext/images/Real/ood_0014683.jpg,0,aigc_bench_ext,Real
corpora/aigc_bench_ext/images/Real/ood_0014685.jpg,0,aigc_bench_ext,Real
corpora/aigc_bench_ext/images/Real/ood_0014687.jpg,0,aigc_bench_ext,Real
corpora/aigc_bench_ext/images/Real/ood_0014689.jpg,0,aigc_bench_ext,Real
corpora/aigc_bench_ext/images/Real/ood_0014691.jpg,0,aigc_bench_ext,Real
corpora/aigc_bench_ext/images/Real/ood_0014693.jpg,0,aigc_bench_ext,Real
corpora/aigc_bench_ext/images/Real/ood_0014695.jpg,0,aigc_bench_ext,Real
corpora/aigc_bench_ext/images/Real/ood_0014697.jpg,0,aigc_bench_ext,Real
corpora/aigc_bench_ext/images/Real/ood_0014699.jpg,0,aigc_bench_ext,Real
corpora/aigc_bench_ext/images/Real/ood_0014701.jpg,0,aigc_bench_ext,Real
corpora/aigc_bench_ext/images/Real/ood_0014703.jpg,0,aigc_bench_ext,Real
corpora/aigc_bench_ext/images/Real/ood_0014705.jpg,0,aigc_bench_ext,Real
corpora/aigc_bench_ext/images/Real/ood_0014707.jpg,0,aigc_bench_ext,Real
corpora/aigc_bench_ext/images/Real/ood_0014709.jpg,0,aigc_bench_ext,Real
corpora/aigc_bench_ext/images/Real/ood_0014711.jpg,0,aigc_bench_ext,Real
corpora/aigc_bench_ext/images/Real/ood_0014713.jpg,0,aigc_bench_ext,Real
corpora/aigc_bench_ext/images/Real/ood_0014715.jpg,0,aigc_bench_ext,Real
corpora/aigc_bench_ext/images/Real/ood_0014717.jpg,0,aigc_bench_ext,Real
corpora/aigc_bench_ext/images/Real/ood_0014719.jpg,0,aigc_bench_ext,Real
corpora/aigc_bench_ext/images/Real/ood_0014721.jpg,0,aigc_bench_ext,Real
corpora/aigc_bench_ext/images/Real/ood_0014723.jpg,0,aigc_bench_ext,Real
corpora/aigc_bench_ext/images/Real/ood_0014725.jpg,0,aigc_bench_ext,Real
corpora/aigc_bench_ext/images/Real/ood_0014727.jpg,0,aigc_bench_ext,Real
corpora/aigc_bench_ext/images/Real/ood_0014729.jpg,0,aigc_bench_ext,Real
corpora/aigc_bench_ext/images/Real/ood_0014731.jpg,0,aigc_bench_ext,Real
corpora/aigc_bench_ext/images/Real/ood_0014733.jpg,0,aigc_bench_ext,Real
corpora/aigc_bench_ext/images/Real/ood_0014735.jpg,0,aigc_bench_ext,Real
corpora/aigc_bench_ext/images/Real/ood_0014737.jpg,0,aigc_bench_ext,Real
corpora/aigc_bench_ext/images/Real/ood_0014739.jpg,0,aigc_bench_ext,Real
corpora/aigc_bench_ext/images/Real/ood_0014741.jpg,0,aigc_bench_ext,Real
corpora/aigc_bench_ext/images/Real/ood_0014743.jpg,0,aigc_bench_ext,Real
corpora/aigc_bench_ext/images/Real/ood_0014745.jpg,0,aigc_bench_ext,Real
corpora/aigc_bench_ext/images/Real/ood_0014747.jpg,0,aigc_bench_ext,Real
corpora/aigc_bench_ext/images/Real/ood_0014749.jpg,0,aigc_bench_ext,Real
corpora/aigc_bench_ext/images/Real/ood_0014751.jpg,0,aigc_bench_ext,Real
corpora/aigc_bench_ext/images/Real/ood_0014753.jpg,0,aigc_bench_ext,Real
corpora/aigc_bench_ext/images/Real/ood_0014755.jpg,0,aigc_bench_ext,Real
corpora/aigc_bench_ext/images/Real/ood_0014757.jpg,0,aigc_bench_ext,Real
corpora/aigc_bench_ext/images/Real/ood_0014759.jpg,0,aigc_bench_ext,Real
corpora/aigc_bench_ext/images/Real/ood_0014761.jpg,0,aigc_bench_ext,Real
corpora/aigc_bench_ext/images/Real/ood_0014763.jpg,0,aigc_bench_ext,Real
corpora/aigc_bench_ext/images/Real/ood_0014765.jpg,0,aigc_bench_ext,Real
corpora/aigc_bench_ext/images/Real/ood_0014767.jpg,0,aigc_bench_ext,Real
corpora/aigc_bench_ext/images/Real/ood_0014769.jpg,0,aigc_bench_ext,Real
corpora/aigc_bench_ext/images/Real/ood_0014771.jpg,0,aigc_bench_ext,Real
corpora/aigc_bench_ext/images/Real/ood_0014773.jpg,0,aigc_bench_ext,Real
corpora/aigc_bench_ext/images/Real/ood_0014775.jpg,0,aigc_bench_ext,Real
corpora/aigc_bench_ext/images/Real/ood_0014777.jpg,0,aigc_bench_ext,Real
corpora/aigc_bench_ext/images/Real/ood_0014779.jpg,0,aigc_bench_ext,Real
corpora/aigc_bench_ext/images/Real/ood_0014781.jpg,0,aigc_bench_ext,Real
corpora/aigc_bench_ext/images/Real/ood_0014783.jpg,0,aigc_bench_ext,Real
corpora/aigc_bench_ext/images/Real/ood_0014785.jpg,0,aigc_bench_ext,Real
corpora/aigc_bench_ext/images/Real/ood_0014787.jpg,0,aigc_bench_ext,Real
corpora/aigc_bench_ext/images/Real/ood_0014789.jpg,0,aigc_bench_ext,Real
corpora/aigc_bench_ext/images/Real/ood_0014791.jpg,0,aigc_bench_ext,Real
corpora/aigc_bench_ext/images/Real/ood_0014793.jpg,0,aigc_bench_ext,Real
corpora/aigc_bench_ext/images/Real/ood_0014795.jpg,0,aigc_bench_ext,Real
corpora/aigc_bench_ext/images/Real/ood_0014797.jpg,0,aigc_bench_ext,Real
corpora/aigc_bench_ext/images/Real/ood_0014799.jpg,0,aigc_bench_ext,Real
corpora/aigc_bench_ext/images/Real/ood_0014801.jpg,0,aigc_bench_ext,Real
corpora/aigc_bench_ext/images/Real/ood_0014803.jpg,0,aigc_bench_ext,Real
corpora/aigc_bench_ext/images/Real/ood_0014805.jpg,0,aigc_bench_ext,Real
corpora/aigc_bench_ext/images/Real/ood_0014807.jpg,0,aigc_bench_ext,Real
corpora/aigc_bench_ext/images/Real/ood_0014809.jpg,0,aigc_bench_ext,Real
corpora/aigc_bench_ext/images/Real/ood_0014811.jpg,0,aigc_bench_ext,Real
corpora/aigc_bench_ext/images/Real/ood_0014813.jpg,0,aigc_bench_ext,Real
corpora/aigc_bench_ext/images/Real/ood_0014815.jpg,0,aigc_bench_ext,Real
corpora/aigc_bench_ext/images/Real/ood_0014817.jpg,0,aigc_bench_ext,Real
corpora/aigc_bench_ext/images/Real/ood_0014819.jpg,0,aigc_bench_ext,Real
corpora/aigc_bench_ext/images/Real/ood_0014821.jpg,0,aigc_bench_ext,Real
corpora/aigc_bench_ext/images/Real/ood_0014823.jpg,0,aigc_bench_ext,Real
corpora/aigc_bench_ext/images/Real/ood_0014825.jpg,0,aigc_bench_ext,Real
corpora/aigc_bench_ext/images/Real/ood_0014827.jpg,0,aigc_bench_ext,Real
corpora/aigc_bench_ext/images/Real/ood_0014829.jpg,0,aigc_bench_ext,Real
corpora/aigc_bench_ext/images/Real/ood_0014831.jpg,0,aigc_bench_ext,Real
corpora/aigc_bench_ext/images/Real/ood_0014833.jpg,0,aigc_bench_ext,Real
corpora/aigc_bench_ext/images/Real/ood_0014835.jpg,0,aigc_bench_ext,Real
corpora/aigc_bench_ext/images/Real/ood_0014837.jpg,0,aigc_bench_ext,Real
corpora/aigc_bench_ext/images/Real/ood_0014839.jpg,0,aigc_bench_ext,Real
corpora/aigc_bench_ext/images/Real/ood_0014841.jpg,0,aigc_bench_ext,Real
corpora/aigc_bench_ext/images/Real/ood_0014843.jpg,0,aigc_bench_ext,Real
corpora/aigc_bench_ext/images/Real/ood_0014845.jpg,0,aigc_bench_ext,Real
corpora/aigc_bench_ext/images/Real/ood_0014847.jpg,0,aigc_bench_ext,Real
corpora/aigc_bench_ext/images/Real/ood_0014849.jpg,0,aigc_bench_ext,Real
corpora/aigc_bench_ext/images/Real/ood_0014851.jpg,0,aigc_bench_ext,Real
corpora/aigc_bench_ext/images/Real/ood_0014853.jpg,0,aigc_bench_ext,Real
corpora/aigc_bench_ext/images/Real/ood_0014855.jpg,0,aigc_bench_ext,Real
corpora/aigc_bench_ext/images/Real/ood_0014857.jpg,0,aigc_bench_ext,Real
corpora/aigc_bench_ext/images/Real/ood_0014859.jpg,0,aigc_bench_ext,Real
corpora/aigc_bench_ext/images/Real/ood_0014861.jpg,0,aigc_bench_ext,Real
corpora/aigc_bench_ext/images/Real/ood_0014863.jpg,0,aigc_bench_ext,Real
corpora/aigc_bench_ext/images/Real/ood_0014865.jpg,0,aigc_bench_ext,Real
corpora/aigc_bench_ext/images/Real/ood_0014867.jpg,0,aigc_bench_ext,Real
corpora/aigc_bench_ext/images/Real/ood_0014869.jpg,0,aigc_bench_ext,Real
corpora/aigc_bench_ext/images/Real/ood_0014871.jpg,0,aigc_bench_ext,Real
corpora/aigc_bench_ext/images/Real/ood_0014873.jpg,0,aigc_bench_ext,Real
corpora/aigc_bench_ext/images/Real/ood_0014875.jpg,0,aigc_bench_ext,Real
corpora/aigc_bench_ext/images/Real/ood_0014877.jpg,0,aigc_bench_ext,Real
corpora/aigc_bench_ext/images/Real/ood_0014879.jpg,0,aigc_bench_ext,Real
corpora/aigc_bench_ext/images/Real/ood_0014881.jpg,0,aigc_bench_ext,Real
corpora/aigc_bench_ext/images/Real/ood_0014883.jpg,0,aigc_bench_ext,Real
corpora/aigc_bench_ext/images/Real/ood_0014885.jpg,0,aigc_bench_ext,Real
corpora/aigc_bench_ext/images/Real/ood_0014887.jpg,0,aigc_bench_ext,Real
corpora/aigc_bench_ext/images/Real/ood_0014889.jpg,0,aigc_bench_ext,Real
corpora/aigc_bench_ext/images/Real/ood_0014891.jpg,0,aigc_bench_ext,Real
corpora/aigc_bench_ext/images/Real/ood_0014893.jpg,0,aigc_bench_ext,Real
corpora/aigc_bench_ext/images/Real/ood_0014895.jpg,0,aigc_bench_ext,Real
corpora/aigc_bench_ext/images/Real/ood_0014897.jpg,0,aigc_bench_ext,Real
corpora/aigc_bench_ext/images/Real/ood_0014899.jpg,0,aigc_bench_ext,Real
corpora/aigc_bench_ext/images/Real/ood_0014901.jpg,0,aigc_bench_ext,Real
corpora/aigc_bench_ext/images/Real/ood_0014903.jpg,0,aigc_bench_ext,Real
corpora/aigc_bench_ext/images/Real/ood_0014905.jpg,0,aigc_bench_ext,Real
corpora/aigc_bench_ext/images/Real/ood_0014907.jpg,0,aigc_bench_ext,Real
corpora/aigc_bench_ext/images/Real/ood_0014909.jpg,0,aigc_bench_ext,Real
corpora/aigc_bench_ext/images/Real/ood_0014911.jpg,0,aigc_bench_ext,Real
corpora/aigc_bench_ext/images/Real/ood_0014913.jpg,0,aigc_bench_ext,Real
corpora/aigc_bench_ext/images/Real/ood_0014915.jpg,0,aigc_bench_ext,Real
corpora/aigc_bench_ext/images/Real/ood_0014917.jpg,0,aigc_bench_ext,Real
corpora/aigc_bench_ext/images/Real/ood_0014919.jpg,0,aigc_bench_ext,Real
corpora/aigc_bench_ext/images/Real/ood_0014921.jpg,0,aigc_bench_ext,Real
corpora/aigc_bench_ext/images/Real/ood_0014923.jpg,0,aigc_bench_ext,Real
corpora/aigc_bench_ext/images/Real/ood_0014925.jpg,0,aigc_bench_ext,Real
corpora/aigc_bench_ext/images/Real/ood_0014927.jpg,0,aigc_bench_ext,Real
corpora/aigc_bench_ext/images/Real/ood_0014929.jpg,0,aigc_bench_ext,Real
corpora/aigc_bench_ext/images/Real/ood_0014931.jpg,0,aigc_bench_ext,Real
corpora/aigc_bench_ext/images/Real/ood_0014933.jpg,0,aigc_bench_ext,Real
corpora/aigc_bench_ext/images/Real/ood_0014935.jpg,0,aigc_bench_ext,Real
corpora/aigc_bench_ext/images/Real/ood_0014937.jpg,0,aigc_bench_ext,Real
corpora/aigc_bench_ext/images/Real/ood_0014939.jpg,0,aigc_bench_ext,Real
corpora/aigc_bench_ext/images/Real/ood_0014941.jpg,0,aigc_bench_ext,Real
corpora/aigc_bench_ext/images/Real/ood_0014943.jpg,0,aigc_bench_ext,Real
corpora/aigc_bench_ext/images/Real/ood_0014945.jpg,0,aigc_bench_ext,Real
corpora/aigc_bench_ext/images/Real/ood_0014947.jpg,0,aigc_bench_ext,Real
corpora/aigc_bench_ext/images/Real/ood_0014949.jpg,0,aigc_bench_ext,Real
corpora/aigc_bench_ext/images/Real/ood_0014951.jpg,0,aigc_bench_ext,Real
corpora/aigc_bench_ext/images/Real/ood_0014953.jpg,0,aigc_bench_ext,Real
corpora/aigc_bench_ext/images/Real/ood_0014955.jpg,0,aigc_bench_ext,Real
corpora/aigc_bench_ext/images/Real/ood_0014957.jpg,0,aigc_bench_ext,Real
corpora/aigc_bench_ext/images/Real/ood_0014959.jpg,0,aigc_bench_ext,Real
corpora/aigc_bench_ext/images/Real/ood_0014961.jpg,0,aigc_bench_ext,Real
corpora/aigc_bench_ext/images/Real/ood_0014963.jpg,0,aigc_bench_ext,Real
corpora/aigc_bench_ext/images/Real/ood_0014965.jpg,0,aigc_bench_ext,Real
corpora/aigc_bench_ext/images/Real/ood_0014967.jpg,0,aigc_bench_ext,Real
corpora/aigc_bench_ext/images/Real/ood_0014969.jpg,0,aigc_bench_ext,Real
corpora/aigc_bench_ext/images/Real/ood_0014971.jpg,0,aigc_bench_ext,Real
corpora/aigc_bench_ext/images/Real/ood_0014973.jpg,0,aigc_bench_ext,Real
corpora/aigc_bench_ext/images/Real/ood_0014975.jpg,0,aigc_bench_ext,Real
corpora/aigc_bench_ext/images/Real/ood_0014977.jpg,0,aigc_bench_ext,Real
corpora/aigc_bench_ext/images/Real/ood_0014979.jpg,0,aigc_bench_ext,Real
corpora/aigc_bench_ext/images/Real/ood_0014981.jpg,0,aigc_bench_ext,Real
corpora/aigc_bench_ext/images/Real/ood_0014983.jpg,0,aigc_bench_ext,Real
corpora/aigc_bench_ext/images/Real/ood_0014985.jpg,0,aigc_bench_ext,Real
corpora/aigc_bench_ext/images/Real/ood_0014987.jpg,0,aigc_bench_ext,Real
corpora/aigc_bench_ext/images/Real/ood_0014989.jpg,0,aigc_bench_ext,Real
corpora/aigc_bench_ext/images/Real/ood_0014991.jpg,0,aigc_bench_ext,Real
corpora/aigc_bench_ext/images/Real/ood_0014993.jpg,0,aigc_bench_ext,Real
corpora/aigc_bench_ext/images/Real/ood_0014995.jpg,0,aigc_bench_ext,Real
corpora/aigc_bench_ext/images/Real/ood_0014997.jpg,0,aigc_bench_ext,Real
corpora/aigc_bench_ext/images/Real/ood_0014999.jpg,0,aigc_bench_ext,Real
corpora/aigc_bench_ext/images/Real/ood_0015001.jpg,0,aigc_bench_ext,Real
corpora/aigc_bench_ext/images/Real/ood_0015003.jpg,0,aigc_bench_ext,Real
corpora/aigc_bench_ext/images/Real/ood_0015005.jpg,0,aigc_bench_ext,Real
corpora/aigc_bench_ext/images/Real/ood_0015007.jpg,0,aigc_bench_ext,Real
corpora/aigc_bench_ext/images/Real/ood_0015009.jpg,0,aigc_bench_ext,Real
corpora/aigc_bench_ext/images/Real/ood_0015011.jpg,0,aigc_bench_ext,Real
corpora/aigc_bench_ext/images/Real/ood_0015013.jpg,0,aigc_bench_ext,Real
corpora/aigc_bench_ext/images/Real/ood_0015015.jpg,0,aigc_bench_ext,Real
corpora/aigc_bench_ext/images/Real/ood_0015017.jpg,0,aigc_bench_ext,Real
corpora/aigc_bench_ext/images/Real/ood_0015019.jpg,0,aigc_bench_ext,Real
corpora/aigc_bench_ext/images/Real/ood_0015021.jpg,0,aigc_bench_ext,Real
corpora/aigc_bench_ext/images/Real/ood_0015023.jpg,0,aigc_bench_ext,Real
corpora/aigc_bench_ext/images/Real/ood_0015025.jpg,0,aigc_bench_ext,Real
corpora/aigc_bench_ext/images/Real/ood_0015027.jpg,0,aigc_bench_ext,Real
corpora/aigc_bench_ext/images/Real/ood_0015029.jpg,0,aigc_bench_ext,Real
corpora/aigc_bench_ext/images/Real/ood_0015031.jpg,0,aigc_bench_ext,Real
corpora/aigc_bench_ext/images/Real/ood_0015033.jpg,0,aigc_bench_ext,Real
corpora/aigc_bench_ext/images/Real/ood_0015035.jpg,0,aigc_bench_ext,Real
corpora/aigc_bench_ext/images/Real/ood_0015037.jpg,0,aigc_bench_ext,Real
corpora/aigc_bench_ext/images/Real/ood_0015039.jpg,0,aigc_bench_ext,Real
corpora/aigc_bench_ext/images/Real/ood_0015041.jpg,0,aigc_bench_ext,Real
corpora/aigc_bench_ext/images/Real/ood_0015043.jpg,0,aigc_bench_ext,Real
corpora/aigc_bench_ext/images/Real/ood_0015045.jpg,0,aigc_bench_ext,Real
corpora/aigc_bench_ext/images/Real/ood_0015047.jpg,0,aigc_bench_ext,Real
corpora/aigc_bench_ext/images/Real/ood_0015049.jpg,0,aigc_bench_ext,Real
corpora/aigc_bench_ext/images/Real/ood_0015051.jpg,0,aigc_bench_ext,Real
corpora/aigc_bench_ext/images/Real/ood_0015053.jpg,0,aigc_bench_ext,Real
corpora/aigc_bench_ext/images/Real/ood_0015055.jpg,0,aigc_bench_ext,Real
corpora/aigc_bench_ext/images/Real/ood_0015057.jpg,0,aigc_bench_ext,Real
corpora/aigc_bench_ext/images/Real/ood_0015059.jpg,0,aigc_bench_ext,Real
corpora/aigc_bench_ext/images/Real/ood_0015061.jpg,0,aigc_bench_ext,Real
corpora/aigc_bench_ext/images/Real/ood_0015063.jpg,0,aigc_bench_ext,Real
corpora/aigc_bench_ext/images/Real/ood_0015065.jpg,0,aigc_bench_ext,Real
corpora/aigc_bench_ext/images/Real/ood_0015067.jpg,0,aigc_bench_ext,Real
corpora/aigc_bench_ext/images/Real/ood_0015069.jpg,0,aigc_bench_ext,Real
corpora/aigc_bench_ext/images/Real/ood_0015071.jpg,0,aigc_bench_ext,Real
corpora/aigc_bench_ext/images/Real/ood_0015073.jpg,0,aigc_bench_ext,Real
corpora/aigc_bench_ext/images/Real/ood_0015075.jpg,0,aigc_bench_ext,Real
corpora/aigc_bench_ext/images/Real/ood_0015077.jpg,0,aigc_bench_ext,Real
corpora/aigc_bench_ext/images/Real/ood_0015079.jpg,0,aigc_bench_ext,Real
corpora/aigc_bench_ext/images/Real/ood_0015081.jpg,0,aigc_bench_ext,Real
corpora/aigc_bench_ext/images/Real/ood_0015083.jpg,0,aigc_bench_ext,Real
corpora/aigc_bench_ext/images/Real/ood_0015085.jpg,0,aigc_bench_ext,Real
corpora/aigc_bench_ext/images/Real/ood_0015087.jpg,0,aigc_bench_ext,Real
corpora/aigc_bench_ext/images/Real/ood_0015089.jpg,0,aigc_bench_ext,Real
corpora/aigc_bench_ext/images/Real/ood_0015091.jpg,0,aigc_bench_ext,Real
corpora/aigc_bench_ext/images/Real/ood_0015093.jpg,0,aigc_bench_ext,Real
corpora/aigc_bench_ext/images/Real/ood_0015095.jpg,0,aigc_bench_ext,Real
corpora/aigc_bench_ext/images/Real/ood_0015097.jpg,0,aigc_bench_ext,Real
corpora/aigc_bench_ext/images/Real/ood_0015099.jpg,0,aigc_bench_ext,Real
corpora/aigc_bench_ext/images/Real/ood_0015101.jpg,0,aigc_bench_ext,Real
corpora/aigc_bench_ext/images/Real/ood_0015103.jpg,0,aigc_bench_ext,Real
corpora/aigc_bench_ext/images/Real/ood_0015105.jpg,0,aigc_bench_ext,Real
corpora/aigc_bench_ext/images/Real/ood_0015107.jpg,0,aigc_bench_ext,Real
corpora/aigc_bench_ext/images/Real/ood_0015109.jpg,0,aigc_bench_ext,Real
corpora/aigc_bench_ext/images/Real/ood_0015111.jpg,0,aigc_bench_ext,Real
corpora/aigc_bench_ext/images/Real/ood_0015113.jpg,0,aigc_bench_ext,Real
corpora/aigc_bench_ext/images/Real/ood_0015115.jpg,0,aigc_bench_ext,Real
corpora/aigc_bench_ext/images/Real/ood_0015117.jpg,0,aigc_bench_ext,Real
corpora/aigc_bench_ext/images/Real/ood_0015119.jpg,0,aigc_bench_ext,Real
corpora/aigc_bench_ext/images/Real/ood_0015121.jpg,0,aigc_bench_ext,Real
corpora/aigc_bench_ext/images/Real/ood_0015123.jpg,0,aigc_bench_ext,Real
corpora/aigc_bench_ext/images/Real/ood_0015125.jpg,0,aigc_bench_ext,Real
corpora/aigc_bench_ext/images/Real/ood_0015127.jpg,0,aigc_bench_ext,Real
corpora/aigc_bench_ext/images/Real/ood_0015129.jpg,0,aigc_bench_ext,Real
corpora/aigc_bench_ext/images/Real/ood_0015131.jpg,0,aigc_bench_ext,Real
corpora/aigc_bench_ext/images/Real/ood_0015133.jpg,0,aigc_bench_ext,Real
corpora/aigc_bench_ext/images/Real/ood_0015135.jpg,0,aigc_bench_ext,Real
corpora/aigc_bench_ext/images/Real/ood_0015137.jpg,0,aigc_bench_ext,Real
corpora/aigc_bench_ext/images/Real/ood_0015139.jpg,0,aigc_bench_ext,Real
corpora/aigc_bench_ext/images/Real/ood_0015141.jpg,0,aigc_bench_ext,Real
corpora/aigc_bench_ext/images/Real/ood_0015143.jpg,0,aigc_bench_ext,Real
corpora/aigc_bench_ext/images/Real/ood_0015145.jpg,0,aigc_bench_ext,Real
corpora/aigc_bench_ext/images/Real/ood_0015147.jpg,0,aigc_bench_ext,Real
corpora/aigc_bench_ext/images/Real/ood_0015149.jpg,0,aigc_bench_ext,Real
corpora/aigc_bench_ext/images/Real/ood_0015151.jpg,0,aigc_bench_ext,Real
corpora/aigc_bench_ext/images/Real/ood_0015153.jpg,0,aigc_bench_ext,Real
corpora/aigc_bench_ext/images/Real/ood_0015155.jpg,0,aigc_bench_ext,Real
corpora/aigc_bench_ext/images/Real/ood_0015157.jpg,0,aigc_bench_ext,Real
corpora/aigc_bench_ext/images/Real/ood_0015159.jpg,0,aigc_bench_ext,Real
corpora/aigc_bench_ext/images/Real/ood_0015161.jpg,0,aigc_bench_ext,Real
corpora/aigc_bench_ext/images/Real/ood_0015163.jpg,0,aigc_bench_ext,Real
corpora/aigc_bench_ext/images/Real/ood_0015165.jpg,0,aigc_bench_ext,Real
corpora/aigc_bench_ext/images/Real/ood_0015167.jpg,0,aigc_bench_ext,Real
corpora/aigc_bench_ext/images/Real/ood_0015169.jpg,0,aigc_bench_ext,Real
corpora/aigc_bench_ext/images/Real/ood_0015171.jpg,0,aigc_bench_ext,Real
corpora/aigc_bench_ext/images/Real/ood_0015173.jpg,0,aigc_bench_ext,Real
corpora/aigc_bench_ext/images/Real/ood_0015175.jpg,0,aigc_bench_ext,Real
corpora/aigc_bench_ext/images/Real/ood_0015177.jpg,0,aigc_bench_ext,Real
corpora/aigc_bench_ext/images/Real/ood_0015179.jpg,0,aigc_bench_ext,Real
corpora/aigc_bench_ext/images/Real/ood_0015181.jpg,0,aigc_bench_ext,Real
corpora/aigc_bench_ext/images/Real/ood_0015183.jpg,0,aigc_bench_ext,Real
corpora/aigc_bench_ext/images/Real/ood_0015185.jpg,0,aigc_bench_ext,Real
corpora/aigc_bench_ext/images/Real/ood_0015187.jpg,0,aigc_bench_ext,Real
corpora/aigc_bench_ext/images/Real/ood_0015189.jpg,0,aigc_bench_ext,Real
corpora/aigc_bench_ext/images/Real/ood_0015191.jpg,0,aigc_bench_ext,Real
corpora/aigc_bench_ext/images/Real/ood_0015193.jpg,0,aigc_bench_ext,Real
corpora/aigc_bench_ext/images/Real/ood_0015195.jpg,0,aigc_bench_ext,Real
corpora/aigc_bench_ext/images/Real/ood_0015197.jpg,0,aigc_bench_ext,Real
corpora/aigc_bench_ext/images/Real/ood_0015199.jpg,0,aigc_bench_ext,Real
corpora/aigc_bench_ext/images/Real/ood_0015201.jpg,0,aigc_bench_ext,Real
corpora/aigc_bench_ext/images/Real/ood_0015203.jpg,0,aigc_bench_ext,Real
corpora/aigc_bench_ext/images/Real/ood_0015205.jpg,0,aigc_bench_ext,Real
corpora/aigc_bench_ext/images/Real/ood_0015207.jpg,0,aigc_bench_ext,Real
corpora/aigc_bench_ext/images/Real/ood_0015209.jpg,0,aigc_bench_ext,Real
corpora/aigc_bench_ext/images/Real/ood_0015211.jpg,0,aigc_bench_ext,Real
corpora/aigc_bench_ext/images/Real/ood_0015213.jpg,0,aigc_bench_ext,Real
corpora/aigc_bench_ext/images/Real/ood_0015215.jpg,0,aigc_bench_ext,Real
corpora/aigc_bench_ext/images/Real/ood_0015217.jpg,0,aigc_bench_ext,Real
corpora/aigc_bench_ext/images/Real/ood_0015219.jpg,0,aigc_bench_ext,Real
corpora/aigc_bench_ext/images/Real/ood_0015221.jpg,0,aigc_bench_ext,Real
corpora/aigc_bench_ext/images/Real/ood_0015223.jpg,0,aigc_bench_ext,Real
corpora/aigc_bench_ext/images/Real/ood_0015225.jpg,0,aigc_bench_ext,Real
corpora/aigc_bench_ext/images/Real/ood_0015227.jpg,0,aigc_bench_ext,Real
corpora/aigc_bench_ext/images/Real/ood_0015229.jpg,0,aigc_bench_ext,Real
corpora/aigc_bench_ext/images/Real/ood_0015231.jpg,0,aigc_bench_ext,Real
corpora/aigc_bench_ext/images/Real/ood_0015233.jpg,0,aigc_bench_ext,Real
corpora/aigc_bench_ext/images/Real/ood_0015235.jpg,0,aigc_bench_ext,Real
corpora/aigc_bench_ext/images/Real/ood_0015237.jpg,0,aigc_bench_ext,Real
corpora/aigc_bench_ext/images/Real/ood_0015239.jpg,0,aigc_bench_ext,Real
corpora/aigc_bench_ext/images/Real/ood_0015241.jpg,0,aigc_bench_ext,Real
corpora/aigc_bench_ext/images/Real/ood_0015243.jpg,0,aigc_bench_ext,Real
corpora/aigc_bench_ext/images/Real/ood_0015245.jpg,0,aigc_bench_ext,Real
corpora/aigc_bench_ext/images/Real/ood_0015247.jpg,0,aigc_bench_ext,Real
corpora/aigc_bench_ext/images/Real/ood_0015249.jpg,0,aigc_bench_ext,Real
corpora/aigc_bench_ext/images/Real/ood_0015251.jpg,0,aigc_bench_ext,Real
corpora/aigc_bench_ext/images/Real/ood_0015253.jpg,0,aigc_bench_ext,Real
corpora/aigc_bench_ext/images/Real/ood_0015255.jpg,0,aigc_bench_ext,Real
corpora/aigc_bench_ext/images/Real/ood_0015257.jpg,0,aigc_bench_ext,Real
corpora/aigc_bench_ext/images/Real/ood_0015259.jpg,0,aigc_bench_ext,Real
corpora/aigc_bench_ext/images/Real/ood_0015261.jpg,0,aigc_bench_ext,Real
corpora/aigc_bench_ext/images/Real/ood_0015263.jpg,0,aigc_bench_ext,Real
corpora/aigc_bench_ext/images/Real/ood_0015265.jpg,0,aigc_bench_ext,Real
corpora/aigc_bench_ext/images/Real/ood_0015267.jpg,0,aigc_bench_ext,Real
corpora/aigc_bench_ext/images/Real/ood_0015269.jpg,0,aigc_bench_ext,Real
corpora/aigc_bench_ext/images/Real/ood_0015271.jpg,0,aigc_bench_ext,Real
corpora/aigc_bench_ext/images/Real/ood_0015273.jpg,0,aigc_bench_ext,Real
corpora/aigc_bench_ext/images/Real/ood_0015275.jpg,0,aigc_bench_ext,Real
corpora/aigc_bench_ext/images/Real/ood_0015277.jpg,0,aigc_bench_ext,Real
corpora/aigc_bench_ext/images/Real/ood_0015279.jpg,0,aigc_bench_ext,Real
corpora/aigc_bench_ext/images/Real/ood_0015281.jpg,0,aigc_bench_ext,Real
corpora/aigc_bench_ext/images/Real/ood_0015283.jpg,0,aigc_bench_ext,Real
corpora/aigc_bench_ext/images/Real/ood_0015285.jpg,0,aigc_bench_ext,Real
corpora/aigc_bench_ext/images/Real/ood_0015287.jpg,0,aigc_bench_ext,Real
corpora/aigc_bench_ext/images/Real/ood_0015289.jpg,0,aigc_bench_ext,Real
corpora/aigc_bench_ext/images/Real/ood_0015291.jpg,0,aigc_bench_ext,Real
corpora/aigc_bench_ext/images/Real/ood_0015293.jpg,0,aigc_bench_ext,Real
corpora/aigc_bench_ext/images/Real/ood_0015295.jpg,0,aigc_bench_ext,Real
corpora/aigc_bench_ext/images/Real/ood_0015297.jpg,0,aigc_bench_ext,Real
corpora/aigc_bench_ext/images/Real/ood_0015299.jpg,0,aigc_bench_ext,Real
corpora/aigc_bench_ext/images/Real/ood_0015301.jpg,0,aigc_bench_ext,Real
corpora/aigc_bench_ext/images/Real/ood_0015303.jpg,0,aigc_bench_ext,Real
corpora/aigc_bench_ext/images/Real/ood_0015305.jpg,0,aigc_bench_ext,Real
corpora/aigc_bench_ext/images/Real/ood_0015307.jpg,0,aigc_bench_ext,Real
corpora/aigc_bench_ext/images/Real/ood_0015309.jpg,0,aigc_bench_ext,Real
corpora/aigc_bench_ext/images/Real/ood_0015311.jpg,0,aigc_bench_ext,Real
corpora/aigc_bench_ext/images/Real/ood_0015313.jpg,0,aigc_bench_ext,Real
corpora/aigc_bench_ext/images/Real/ood_0015315.jpg,0,aigc_bench_ext,Real
corpora/aigc_bench_ext/images/Real/ood_0015317.jpg,0,aigc_bench_ext,Real
corpora/aigc_bench_ext/images/Real/ood_0015319.jpg,0,aigc_bench_ext,Real
corpora/aigc_bench_ext/images/Real/ood_0015321.jpg,0,aigc_bench_ext,Real
corpora/aigc_bench_ext/images/Real/ood_0015323.jpg,0,aigc_bench_ext,Real
corpora/aigc_bench_ext/images/Real/ood_0015325.jpg,0,aigc_bench_ext,Real
corpora/aigc_bench_ext/images/Real/ood_0015327.jpg,0,aigc_bench_ext,Real
corpora/aigc_bench_ext/images/Real/ood_0015329.jpg,0,aigc_bench_ext,Real
corpora/aigc_bench_ext/images/Real/ood_0015331.jpg,0,aigc_bench_ext,Real
corpora/aigc_bench_ext/images/Real/ood_0015333.jpg,0,aigc_bench_ext,Real
corpora/aigc_bench_ext/images/Real/ood_0015335.jpg,0,aigc_bench_ext,Real
corpora/aigc_bench_ext/images/Real/ood_0015337.jpg,0,aigc_bench_ext,Real
corpora/aigc_bench_ext/images/Real/ood_0015339.jpg,0,aigc_bench_ext,Real
corpora/aigc_bench_ext/images/Real/ood_0015341.jpg,0,aigc_bench_ext,Real
corpora/aigc_bench_ext/images/Real/ood_0015343.jpg,0,aigc_bench_ext,Real
corpora/aigc_bench_ext/images/Real/ood_0015345.jpg,0,aigc_bench_ext,Real
corpora/aigc_bench_ext/images/Real/ood_0015347.jpg,0,aigc_bench_ext,Real
corpora/aigc_bench_ext/images/Real/ood_0015349.jpg,0,aigc_bench_ext,Real
corpora/aigc_bench_ext/images/Real/ood_0015351.jpg,0,aigc_bench_ext,Real
corpora/aigc_bench_ext/images/Real/ood_0015353.jpg,0,aigc_bench_ext,Real
corpora/aigc_bench_ext/images/Real/ood_0015355.jpg,0,aigc_bench_ext,Real
corpora/aigc_bench_ext/images/Real/ood_0015357.jpg,0,aigc_bench_ext,Real
corpora/aigc_bench_ext/images/Real/ood_0015359.jpg,0,aigc_bench_ext,Real
corpora/aigc_bench_ext/images/Real/ood_0015361.jpg,0,aigc_bench_ext,Real
corpora/aigc_bench_ext/images/Real/ood_0015363.jpg,0,aigc_bench_ext,Real
corpora/aigc_bench_ext/images/Real/ood_0015365.jpg,0,aigc_bench_ext,Real
corpora/aigc_bench_ext/images/Real/ood_0015367.jpg,0,aigc_bench_ext,Real
corpora/aigc_bench_ext/images/Real/ood_0015369.jpg,0,aigc_bench_ext,Real
corpora/aigc_bench_ext/images/Real/ood_0015371.jpg,0,aigc_bench_ext,Real
corpora/aigc_bench_ext/images/Real/ood_0015373.jpg,0,aigc_bench_ext,Real
corpora/aigc_bench_ext/images/Real/ood_0015375.jpg,0,aigc_bench_ext,Real
corpora/aigc_bench_ext/images/Real/ood_0015377.jpg,0,aigc_bench_ext,Real
corpora/aigc_bench_ext/images/Real/ood_0015379.jpg,0,aigc_bench_ext,Real
corpora/aigc_bench_ext/images/Real/ood_0015381.jpg,0,aigc_bench_ext,Real
corpora/aigc_bench_ext/images/Real/ood_0015383.jpg,0,aigc_bench_ext,Real
corpora/aigc_bench_ext/images/Real/ood_0015385.jpg,0,aigc_bench_ext,Real
corpora/aigc_bench_ext/images/Real/ood_0015387.jpg,0,aigc_bench_ext,Real
corpora/aigc_bench_ext/images/Real/ood_0015389.jpg,0,aigc_bench_ext,Real
corpora/aigc_bench_ext/images/Real/ood_0015391.jpg,0,aigc_bench_ext,Real
corpora/aigc_bench_ext/images/Real/ood_0015393.jpg,0,aigc_bench_ext,Real
corpora/aigc_bench_ext/images/Real/ood_0015395.jpg,0,aigc_bench_ext,Real
corpora/aigc_bench_ext/images/Real/ood_0015397.jpg,0,aigc_bench_ext,Real
corpora/aigc_bench_ext/images/Real/ood_0015399.jpg,0,aigc_bench_ext,Real
corpora/aigc_bench_ext/images/Real/ood_0015401.jpg,0,aigc_bench_ext,Real
corpora/aigc_bench_ext/images/Real/ood_0015403.jpg,0,aigc_bench_ext,Real
corpora/aigc_bench_ext/images/Real/ood_0015405.jpg,0,aigc_bench_ext,Real
corpora/aigc_bench_ext/images/Real/ood_0015407.jpg,0,aigc_bench_ext,Real
corpora/aigc_bench_ext/images/Real/ood_0015409.jpg,0,aigc_bench_ext,Real
corpora/aigc_bench_ext/images/Real/ood_0015411.jpg,0,aigc_bench_ext,Real
corpora/aigc_bench_ext/images/Real/ood_0015413.jpg,0,aigc_bench_ext,Real
corpora/aigc_bench_ext/images/Real/ood_0015415.jpg,0,aigc_bench_ext,Real
corpora/aigc_bench_ext/images/Real/ood_0015417.jpg,0,aigc_bench_ext,Real
corpora/aigc_bench_ext/images/Real/ood_0015419.jpg,0,aigc_bench_ext,Real
corpora/aigc_bench_ext/images/Real/ood_0015421.jpg,0,aigc_bench_ext,Real
corpora/aigc_bench_ext/images/Real/ood_0015423.jpg,0,aigc_bench_ext,Real
corpora/aigc_bench_ext/images/Real/ood_0015425.jpg,0,aigc_bench_ext,Real
corpora/aigc_bench_ext/images/Real/ood_0015427.jpg,0,aigc_bench_ext,Real
corpora/aigc_bench_ext/images/Real/ood_0015429.jpg,0,aigc_bench_ext,Real
corpora/aigc_bench_ext/images/Real/ood_0015431.jpg,0,aigc_bench_ext,Real
corpora/aigc_bench_ext/images/Real/ood_0015433.jpg,0,aigc_bench_ext,Real
corpora/aigc_bench_ext/images/Real/ood_0015435.jpg,0,aigc_bench_ext,Real
corpora/aigc_bench_ext/images/Real/ood_0015437.jpg,0,aigc_bench_ext,Real
corpora/aigc_bench_ext/images/Real/ood_0015439.jpg,0,aigc_bench_ext,Real
corpora/aigc_bench_ext/images/Real/ood_0015441.jpg,0,aigc_bench_ext,Real
corpora/aigc_bench_ext/images/Real/ood_0015443.jpg,0,aigc_bench_ext,Real
corpora/aigc_bench_ext/images/Real/ood_0015445.jpg,0,aigc_bench_ext,Real
corpora/aigc_bench_ext/images/Real/ood_0015447.jpg,0,aigc_bench_ext,Real
corpora/aigc_bench_ext/images/Real/ood_0015449.jpg,0,aigc_bench_ext,Real
corpora/aigc_bench_ext/images/Real/ood_0015451.jpg,0,aigc_bench_ext,Real
corpora/aigc_bench_ext/images/Real/ood_0015453.jpg,0,aigc_bench_ext,Real
corpora/aigc_bench_ext/images/Real/ood_0015455.jpg,0,aigc_bench_ext,Real
corpora/aigc_bench_ext/images/Real/ood_0015457.jpg,0,aigc_bench_ext,Real
corpora/aigc_bench_ext/images/Real/ood_0015459.jpg,0,aigc_bench_ext,Real
corpora/aigc_bench_ext/images/Real/ood_0015461.jpg,0,aigc_bench_ext,Real
corpora/aigc_bench_ext/images/Real/ood_0015463.jpg,0,aigc_bench_ext,Real
corpora/aigc_bench_ext/images/Real/ood_0015465.jpg,0,aigc_bench_ext,Real
corpora/aigc_bench_ext/images/Real/ood_0015467.jpg,0,aigc_bench_ext,Real
corpora/aigc_bench_ext/images/Real/ood_0015469.jpg,0,aigc_bench_ext,Real
corpora/aigc_bench_ext/images/Real/ood_0015471.jpg,0,aigc_bench_ext,Real
corpora/aigc_bench_ext/images/Real/ood_0015473.jpg,0,aigc_bench_ext,Real
corpora/aigc_bench_ext/images/Real/ood_0015475.jpg,0,aigc_bench_ext,Real
corpora/aigc_bench_ext/images/Real/ood_0015477.jpg,0,aigc_bench_ext,Real
corpora/aigc_bench_ext/images/Real/ood_0015479.jpg,0,aigc_bench_ext,Real
corpora/aigc_bench_ext/images/Real/ood_0015481.jpg,0,aigc_bench_ext,Real
corpora/aigc_bench_ext/images/Real/ood_0015483.jpg,0,aigc_bench_ext,Real
corpora/aigc_bench_ext/images/Real/ood_0015485.jpg,0,aigc_bench_ext,Real
corpora/aigc_bench_ext/images/Real/ood_0015487.jpg,0,aigc_bench_ext,Real
corpora/aigc_bench_ext/images/Real/ood_0015489.jpg,0,aigc_bench_ext,Real
corpora/aigc_bench_ext/images/Real/ood_0015491.jpg,0,aigc_bench_ext,Real
corpora/aigc_bench_ext/images/Real/ood_0015493.jpg,0,aigc_bench_ext,Real
corpora/aigc_bench_ext/images/Real/ood_0015495.jpg,0,aigc_bench_ext,Real
corpora/aigc_bench_ext/images/Real/ood_0015497.jpg,0,aigc_bench_ext,Real
corpora/aigc_bench_ext/images/Real/ood_0015499.jpg,0,aigc_bench_ext,Real
corpora/aigc_bench_ext/images/Real/ood_0015501.jpg,0,aigc_bench_ext,Real
corpora/aigc_bench_ext/images/Real/ood_0015503.jpg,0,aigc_bench_ext,Real
corpora/aigc_bench_ext/images/Real/ood_0015505.jpg,0,aigc_bench_ext,Real
corpora/aigc_bench_ext/images/Real/ood_0015507.jpg,0,aigc_bench_ext,Real
corpora/aigc_bench_ext/images/Real/ood_0015509.jpg,0,aigc_bench_ext,Real
corpora/aigc_bench_ext/images/Real/ood_0015511.jpg,0,aigc_bench_ext,Real
corpora/aigc_bench_ext/images/Real/ood_0015513.jpg,0,aigc_bench_ext,Real
corpora/aigc_bench_ext/images/Real/ood_0015515.jpg,0,aigc_bench_ext,Real
corpora/aigc_bench_ext/images/Real/ood_0015517.jpg,0,aigc_bench_ext,Real
corpora/aigc_bench_ext/images/Real/ood_0015519.jpg,0,aigc_bench_ext,Real
corpora/aigc_bench_ext/images/Real/ood_0015521.jpg,0,aigc_bench_ext,Real
corpora/aigc_bench_ext/images/Real/ood_0015523.jpg,0,aigc_bench_ext,Real
corpora/aigc_bench_ext/images/Real/ood_0015525.jpg,0,aigc_bench_ext,Real
corpora/aigc_bench_ext/images/Real/ood_0015527.jpg,0,aigc_bench_ext,Real
corpora/aigc_bench_ext/images/Real/ood_0015529.jpg,0,aigc_bench_ext,Real
corpora/aigc_bench_ext/images/Real/ood_0015531.jpg,0,aigc_bench_ext,Real
corpora/aigc_bench_ext/images/Real/ood_0015533.jpg,0,aigc_bench_ext,Real
corpora/aigc_bench_ext/images/Real/ood_0015535.jpg,0,aigc_bench_ext,Real
corpora/aigc_bench_ext/images/Real/ood_0015537.jpg,0,aigc_bench_ext,Real
corpora/aigc_bench_ext/images/Real/ood_0015539.jpg,0,aigc_bench_ext,Real
corpora/aigc_bench_ext/images/Real/ood_0015541.jpg,0,aigc_bench_ext,Real
corpora/aigc_bench_ext/images/Real/ood_0015543.jpg,0,aigc_bench_ext,Real
corpora/aigc_bench_ext/images/Real/ood_0015545.jpg,0,aigc_bench_ext,Real
corpora/aigc_bench_ext/images/Real/ood_0015547.jpg,0,aigc_bench_ext,Real
corpora/aigc_bench_ext/images/Real/ood_0015549.jpg,0,aigc_bench_ext,Real
corpora/aigc_bench_ext/images/Real/ood_0015551.jpg,0,aigc_bench_ext,Real
corpora/aigc_bench_ext/images/Real/ood_0015553.jpg,0,aigc_bench_ext,Real
corpora/aigc_bench_ext/images/Real/ood_0015555.jpg,0,aigc_bench_ext,Real
corpora/aigc_bench_ext/images/Real/ood_0015557.jpg,0,aigc_bench_ext,Real
corpora/aigc_bench_ext/images/Real/ood_0015559.jpg,0,aigc_bench_ext,Real
corpora/aigc_bench_ext/images/Real/ood_0015561.jpg,0,aigc_bench_ext,Real
corpora/aigc_bench_ext/images/Real/ood_0015563.jpg,0,aigc_bench_ext,Real
corpora/aigc_bench_ext/images/Real/ood_0015565.jpg,0,aigc_bench_ext,Real
corpora/aigc_bench_ext/images/Real/ood_0015567.jpg,0,aigc_bench_ext,Real
corpora/aigc_bench_ext/images/Real/ood_0015569.jpg,0,aigc_bench_ext,Real
corpora/aigc_bench_ext/images/Real/ood_0015571.jpg,0,aigc_bench_ext,Real
corpora/aigc_bench_ext/images/Real/ood_0015573.jpg,0,aigc_bench_ext,Real
corpora/aigc_bench_ext/images/Real/ood_0015575.jpg,0,aigc_bench_ext,Real
corpora/aigc_bench_ext/images/Real/ood_0015577.jpg,0,aigc_bench_ext,Real
corpora/aigc_bench_ext/images/Real/ood_0015579.jpg,0,aigc_bench_ext,Real
corpora/aigc_bench_ext/images/Real/ood_0015581.jpg,0,aigc_bench_ext,Real
corpora/aigc_bench_ext/images/Real/ood_0015583.jpg,0,aigc_bench_ext,Real
corpora/aigc_bench_ext/images/Real/ood_0015585.jpg,0,aigc_bench_ext,Real
corpora/aigc_bench_ext/images/Real/ood_0015587.jpg,0,aigc_bench_ext,Real
corpora/aigc_bench_ext/images/Real/ood_0015589.jpg,0,aigc_bench_ext,Real
corpora/aigc_bench_ext/images/Real/ood_0015591.jpg,0,aigc_bench_ext,Real
corpora/aigc_bench_ext/images/Real/ood_0015593.jpg,0,aigc_bench_ext,Real
corpora/aigc_bench_ext/images/Real/ood_0015595.jpg,0,aigc_bench_ext,Real
corpora/aigc_bench_ext/images/Real/ood_0015597.jpg,0,aigc_bench_ext,Real
corpora/aigc_bench_ext/images/Real/ood_0015599.jpg,0,aigc_bench_ext,Real
corpora/aigc_bench_ext/images/Real/ood_0015601.jpg,0,aigc_bench_ext,Real
corpora/aigc_bench_ext/images/Real/ood_0015603.jpg,0,aigc_bench_ext,Real
corpora/aigc_bench_ext/images/Real/ood_0015605.jpg,0,aigc_bench_ext,Real
corpora/aigc_bench_ext/images/Real/ood_0015607.jpg,0,aigc_bench_ext,Real
corpora/aigc_bench_ext/images/Real/ood_0015609.jpg,0,aigc_bench_ext,Real
corpora/aigc_bench_ext/images/Real/ood_0015611.jpg,0,aigc_bench_ext,Real
corpora/aigc_bench_ext/images/Real/ood_0015613.jpg,0,aigc_bench_ext,Real
corpora/aigc_bench_ext/images/Real/ood_0015615.jpg,0,aigc_bench_ext,Real
corpora/aigc_bench_ext/images/Real/ood_0015617.jpg,0,aigc_bench_ext,Real
corpora/aigc_bench_ext/images/Real/ood_0015619.jpg,0,aigc_bench_ext,Real
corpora/aigc_bench_ext/images/Real/ood_0015621.jpg,0,aigc_bench_ext,Real
corpora/aigc_bench_ext/images/Real/ood_0015623.jpg,0,aigc_bench_ext,Real
corpora/aigc_bench_ext/images/Real/ood_0015625.jpg,0,aigc_bench_ext,Real
corpora/aigc_bench_ext/images/Real/ood_0015627.jpg,0,aigc_bench_ext,Real
corpora/aigc_bench_ext/images/Real/ood_0015629.jpg,0,aigc_bench_ext,Real
corpora/aigc_bench_ext/images/Real/ood_0015631.jpg,0,aigc_bench_ext,Real
corpora/aigc_bench_ext/images/Real/ood_0015633.jpg,0,aigc_bench_ext,Real
corpora/aigc_bench_ext/images/Real/ood_0015635.jpg,0,aigc_bench_ext,Real
corpora/aigc_bench_ext/images/Real/ood_0015637.jpg,0,aigc_bench_ext,Real
corpora/aigc_bench_ext/images/Real/ood_0015639.jpg,0,aigc_bench_ext,Real
corpora/aigc_bench_ext/images/Real/ood_0015641.jpg,0,aigc_bench_ext,Real
corpora/aigc_bench_ext/images/Real/ood_0015643.jpg,0,aigc_bench_ext,Real
corpora/aigc_bench_ext/images/Real/ood_0015645.jpg,0,aigc_bench_ext,Real
corpora/aigc_bench_ext/images/Real/ood_0015647.jpg,0,aigc_bench_ext,Real
corpora/aigc_bench_ext/images/Real/ood_0015649.jpg,0,aigc_bench_ext,Real
corpora/aigc_bench_ext/images/Real/ood_0015651.jpg,0,aigc_bench_ext,Real
corpora/aigc_bench_ext/images/Real/ood_0015653.jpg,0,aigc_bench_ext,Real
corpora/aigc_bench_ext/images/Real/ood_0015655.jpg,0,aigc_bench_ext,Real
corpora/aigc_bench_ext/images/Real/ood_0015657.jpg,0,aigc_bench_ext,Real
corpora/aigc_bench_ext/images/Real/ood_0015659.jpg,0,aigc_bench_ext,Real
corpora/aigc_bench_ext/images/Real/ood_0015661.jpg,0,aigc_bench_ext,Real
corpora/aigc_bench_ext/images/Real/ood_0015663.jpg,0,aigc_bench_ext,Real
corpora/aigc_bench_ext/images/Real/ood_0015665.jpg,0,aigc_bench_ext,Real
corpora/aigc_bench_ext/images/Real/ood_0015667.jpg,0,aigc_bench_ext,Real
corpora/aigc_bench_ext/images/Real/ood_0015669.jpg,0,aigc_bench_ext,Real
corpora/aigc_bench_ext/images/Real/ood_0015671.jpg,0,aigc_bench_ext,Real
corpora/aigc_bench_ext/images/Real/ood_0015673.jpg,0,aigc_bench_ext,Real
corpora/aigc_bench_ext/images/Real/ood_0015675.jpg,0,aigc_bench_ext,Real
corpora/aigc_bench_ext/images/Real/ood_0015677.jpg,0,aigc_bench_ext,Real
corpora/aigc_bench_ext/images/Real/ood_0015679.jpg,0,aigc_bench_ext,Real
corpora/aigc_bench_ext/images/Real/ood_0015681.jpg,0,aigc_bench_ext,Real
corpora/aigc_bench_ext/images/Real/ood_0015683.jpg,0,aigc_bench_ext,Real
corpora/aigc_bench_ext/images/Real/ood_0015685.jpg,0,aigc_bench_ext,Real
corpora/aigc_bench_ext/images/Real/ood_0015687.jpg,0,aigc_bench_ext,Real
corpora/aigc_bench_ext/images/Real/ood_0015689.jpg,0,aigc_bench_ext,Real
corpora/aigc_bench_ext/images/Real/ood_0015691.jpg,0,aigc_bench_ext,Real
corpora/aigc_bench_ext/images/Real/ood_0015693.jpg,0,aigc_bench_ext,Real
corpora/aigc_bench_ext/images/Real/ood_0015695.jpg,0,aigc_bench_ext,Real
corpora/aigc_bench_ext/images/Real/ood_0015697.jpg,0,aigc_bench_ext,Real
corpora/aigc_bench_ext/images/Real/ood_0015699.jpg,0,aigc_bench_ext,Real
corpora/aigc_bench_ext/images/Real/ood_0015701.jpg,0,aigc_bench_ext,Real
corpora/aigc_bench_ext/images/Real/ood_0015703.jpg,0,aigc_bench_ext,Real
corpora/aigc_bench_ext/images/Real/ood_0015705.jpg,0,aigc_bench_ext,Real
corpora/aigc_bench_ext/images/Real/ood_0015707.jpg,0,aigc_bench_ext,Real
corpora/aigc_bench_ext/images/Real/ood_0015709.jpg,0,aigc_bench_ext,Real
corpora/aigc_bench_ext/images/Real/ood_0015711.jpg,0,aigc_bench_ext,Real
corpora/aigc_bench_ext/images/Real/ood_0015713.jpg,0,aigc_bench_ext,Real
corpora/aigc_bench_ext/images/Real/ood_0015715.jpg,0,aigc_bench_ext,Real
corpora/aigc_bench_ext/images/Real/ood_0015717.jpg,0,aigc_bench_ext,Real
corpora/aigc_bench_ext/images/Real/ood_0015719.jpg,0,aigc_bench_ext,Real
corpora/aigc_bench_ext/images/Real/ood_0015721.jpg,0,aigc_bench_ext,Real
corpora/aigc_bench_ext/images/Real/ood_0015723.jpg,0,aigc_bench_ext,Real
corpora/aigc_bench_ext/images/Real/ood_0015725.jpg,0,aigc_bench_ext,Real
corpora/aigc_bench_ext/images/Real/ood_0015727.jpg,0,aigc_bench_ext,Real
corpora/aigc_bench_ext/images/Real/ood_0015729.jpg,0,aigc_bench_ext,Real
corpora/aigc_bench_ext/images/Real/ood_0015731.jpg,0,aigc_bench_ext,Real
corpora/aigc_bench_ext/images/Real/ood_0015733.jpg,0,aigc_bench_ext,Real
corpora/aigc_bench_ext/images/Real/ood_0015735.jpg,0,aigc_bench_ext,Real
corpora/aigc_bench_ext/images/Real/ood_0015737.jpg,0,aigc_bench_ext,Real
corpora/aigc_bench_ext/images/Real/ood_0015739.jpg,0,aigc_bench_ext,Real
corpora/aigc_bench_ext/images/Real/ood_0015741.jpg,0,aigc_bench_ext,Real
corpora/aigc_bench_ext/images/Real/ood_0015743.jpg,0,aigc_bench_ext,Real
corpora/aigc_bench_ext/images/Real/ood_0015745.jpg,0,aigc_bench_ext,Real
corpora/aigc_bench_ext/images/Real/ood_0015747.jpg,0,aigc_bench_ext,Real
corpora/aigc_bench_ext/images/Real/ood_0015749.jpg,0,aigc_bench_ext,Real
corpora/aigc_bench_ext/images/Real/ood_0015751.jpg,0,aigc_bench_ext,Real
corpora/aigc_bench_ext/images/Real/ood_0015753.jpg,0,aigc_bench_ext,Real
corpora/aigc_bench_ext/images/Real/ood_0015755.jpg,0,aigc_bench_ext,Real
corpora/aigc_bench_ext/images/Real/ood_0015757.jpg,0,aigc_bench_ext,Real
corpora/aigc_bench_ext/images/Real/ood_0015759.jpg,0,aigc_bench_ext,Real
corpora/aigc_bench_ext/images/Real/ood_0015761.jpg,0,aigc_bench_ext,Real
corpora/aigc_bench_ext/images/Real/ood_0015763.jpg,0,aigc_bench_ext,Real
corpora/aigc_bench_ext/images/Real/ood_0015765.jpg,0,aigc_bench_ext,Real
corpora/aigc_bench_ext/images/Real/ood_0015767.jpg,0,aigc_bench_ext,Real
corpora/aigc_bench_ext/images/Real/ood_0015769.jpg,0,aigc_bench_ext,Real
corpora/aigc_bench_ext/images/Real/ood_0015771.jpg,0,aigc_bench_ext,Real
corpora/aigc_bench_ext/images/Real/ood_0015773.jpg,0,aigc_bench_ext,Real
corpora/aigc_bench_ext/images/Real/ood_0015775.jpg,0,aigc_bench_ext,Real
corpora/aigc_bench_ext/images/Real/ood_0015777.jpg,0,aigc_bench_ext,Real
corpora/aigc_bench_ext/images/Real/ood_0015779.jpg,0,aigc_bench_ext,Real
corpora/aigc_bench_ext/images/Real/ood_0015781.jpg,0,aigc_bench_ext,Real
corpora/aigc_bench_ext/images/Real/ood_0015783.jpg,0,aigc_bench_ext,Real
corpora/aigc_bench_ext/images/Real/ood_0015785.jpg,0,aigc_bench_ext,Real
corpora/aigc_bench_ext/images/Real/ood_0015787.jpg,0,aigc_bench_ext,Real
corpora/aigc_bench_ext/images/Real/ood_0015789.jpg,0,aigc_bench_ext,Real
corpora/aigc_bench_ext/images/Real/ood_0015791.jpg,0,aigc_bench_ext,Real
corpora/aigc_bench_ext/images/Real/ood_0015793.jpg,0,aigc_bench_ext,Real
corpora/aigc_bench_ext/images/Real/ood_0015795.jpg,0,aigc_bench_ext,Real
corpora/aigc_bench_ext/images/Real/ood_0015797.jpg,0,aigc_bench_ext,Real
corpora/aigc_bench_ext/images/Real/ood_0015799.jpg,0,aigc_bench_ext,Real
corpora/aigc_bench_ext/images/Real/ood_0015801.jpg,0,aigc_bench_ext,Real
corpora/aigc_bench_ext/images/Real/ood_0015803.jpg,0,aigc_bench_ext,Real
corpora/aigc_bench_ext/images/Real/ood_0015805.jpg,0,aigc_bench_ext,Real
corpora/aigc_bench_ext/images/Real/ood_0015807.jpg,0,aigc_bench_ext,Real
corpora/aigc_bench_ext/images/Real/ood_0015809.jpg,0,aigc_bench_ext,Real
corpora/aigc_bench_ext/images/Real/ood_0015811.jpg,0,aigc_bench_ext,Real
corpora/aigc_bench_ext/images/Real/ood_0015813.jpg,0,aigc_bench_ext,Real
corpora/aigc_bench_ext/images/Real/ood_0015815.jpg,0,aigc_bench_ext,Real
corpora/aigc_bench_ext/images/Real/ood_0015817.jpg,0,aigc_bench_ext,Real
corpora/aigc_bench_ext/images/Real/ood_0015819.jpg,0,aigc_bench_ext,Real
corpora/aigc_bench_ext/images/Real/ood_0015821.jpg,0,aigc_bench_ext,Real
corpora/aigc_bench_ext/images/Real/ood_0015823.jpg,0,aigc_bench_ext,Real
corpora/aigc_bench_ext/images/Real/ood_0015825.jpg,0,aigc_bench_ext,Real
corpora/aigc_bench_ext/images/Real/ood_0015827.jpg,0,aigc_bench_ext,Real
corpora/aigc_bench_ext/images/Real/ood_0015829.jpg,0,aigc_bench_ext,Real
corpora/aigc_bench_ext/images/Real/ood_0015831.jpg,0,aigc_bench_ext,Real
corpora/aigc_bench_ext/images/Real/ood_0015833.jpg,0,aigc_bench_ext,Real
corpora/aigc_bench_ext/images/Real/ood_0015835.jpg,0,aigc_bench_ext,Real
corpora/aigc_bench_ext/images/Real/ood_0015837.jpg,0,aigc_bench_ext,Real
corpora/aigc_bench_ext/images/Real/ood_0015839.jpg,0,aigc_bench_ext,Real
corpora/aigc_bench_ext/images/Real/ood_0015841.jpg,0,aigc_bench_ext,Real
corpora/aigc_bench_ext/images/Real/ood_0015843.jpg,0,aigc_bench_ext,Real
corpora/aigc_bench_ext/images/Real/ood_0015845.jpg,0,aigc_bench_ext,Real
corpora/aigc_bench_ext/images/Real/ood_0015847.jpg,0,aigc_bench_ext,Real
corpora/aigc_bench_ext/images/Real/ood_0015849.jpg,0,aigc_bench_ext,Real
corpora/aigc_bench_ext/images/Real/ood_0015851.jpg,0,aigc_bench_ext,Real
corpora/aigc_bench_ext/images/Real/ood_0015853.jpg,0,aigc_bench_ext,Real
corpora/aigc_bench_ext/images/Real/ood_0015855.jpg,0,aigc_bench_ext,Real
corpora/aigc_bench_ext/images/Real/ood_0015857.jpg,0,aigc_bench_ext,Real
corpora/aigc_bench_ext/images/Real/ood_0015859.jpg,0,aigc_bench_ext,Real
corpora/aigc_bench_ext/images/Real/ood_0015861.jpg,0,aigc_bench_ext,Real
corpora/aigc_bench_ext/images/Real/ood_0015863.jpg,0,aigc_bench_ext,Real
corpora/aigc_bench_ext/images/Real/ood_0015865.jpg,0,aigc_bench_ext,Real
corpora/aigc_bench_ext/images/Real/ood_0015867.jpg,0,aigc_bench_ext,Real
corpora/aigc_bench_ext/images/Real/ood_0015869.jpg,0,aigc_bench_ext,Real
corpora/aigc_bench_ext/images/Real/ood_0015871.jpg,0,aigc_bench_ext,Real
corpora/aigc_bench_ext/images/Real/ood_0015873.jpg,0,aigc_bench_ext,Real
corpora/aigc_bench_ext/images/Real/ood_0015875.jpg,0,aigc_bench_ext,Real
corpora/aigc_bench_ext/images/Real/ood_0015877.jpg,0,aigc_bench_ext,Real
corpora/aigc_bench_ext/images/Real/ood_0015879.jpg,0,aigc_bench_ext,Real
corpora/aigc_bench_ext/images/Real/ood_0015881.jpg,0,aigc_bench_ext,Real
corpora/aigc_bench_ext/images/Real/ood_0015883.jpg,0,aigc_bench_ext,Real
corpora/aigc_bench_ext/images/Real/ood_0015885.jpg,0,aigc_bench_ext,Real
corpora/aigc_bench_ext/images/Real/ood_0015887.jpg,0,aigc_bench_ext,Real
corpora/aigc_bench_ext/images/Real/ood_0015889.jpg,0,aigc_bench_ext,Real
corpora/aigc_bench_ext/images/Real/ood_0015891.jpg,0,aigc_bench_ext,Real
corpora/aigc_bench_ext/images/Real/ood_0015893.jpg,0,aigc_bench_ext,Real
corpora/aigc_bench_ext/images/Real/ood_0015895.jpg,0,aigc_bench_ext,Real
corpora/aigc_bench_ext/images/Real/ood_0015897.jpg,0,aigc_bench_ext,Real
corpora/aigc_bench_ext/images/Real/ood_0015899.jpg,0,aigc_bench_ext,Real
corpora/aigc_bench_ext/images/Real/ood_0015901.jpg,0,aigc_bench_ext,Real
corpora/aigc_bench_ext/images/Real/ood_0015903.jpg,0,aigc_bench_ext,Real
corpora/aigc_bench_ext/images/Real/ood_0015905.jpg,0,aigc_bench_ext,Real
corpora/aigc_bench_ext/images/Real/ood_0015907.jpg,0,aigc_bench_ext,Real
corpora/aigc_bench_ext/images/Real/ood_0015909.jpg,0,aigc_bench_ext,Real
corpora/aigc_bench_ext/images/Real/ood_0015911.jpg,0,aigc_bench_ext,Real
corpora/aigc_bench_ext/images/Real/ood_0015913.jpg,0,aigc_bench_ext,Real
corpora/aigc_bench_ext/images/Real/ood_0015915.jpg,0,aigc_bench_ext,Real
corpora/aigc_bench_ext/images/Real/ood_0015917.jpg,0,aigc_bench_ext,Real
corpora/aigc_bench_ext/images/Real/ood_0015919.jpg,0,aigc_bench_ext,Real
corpora/aigc_bench_ext/images/Real/ood_0015921.jpg,0,aigc_bench_ext,Real
corpora/aigc_bench_ext/images/Real/ood_0015923.jpg,0,aigc_bench_ext,Real
corpora/aigc_bench_ext/images/Real/ood_0015925.jpg,0,aigc_bench_ext,Real
corpora/aigc_bench_ext/images/Real/ood_0015927.jpg,0,aigc_bench_ext,Real
corpora/aigc_bench_ext/images/Real/ood_0015929.jpg,0,aigc_bench_ext,Real
corpora/aigc_bench_ext/images/Real/ood_0015931.jpg,0,aigc_bench_ext,Real
corpora/aigc_bench_ext/images/Real/ood_0015933.jpg,0,aigc_bench_ext,Real
corpora/aigc_bench_ext/images/Real/ood_0015935.jpg,0,aigc_bench_ext,Real
corpora/aigc_bench_ext/images/Real/ood_0015937.jpg,0,aigc_bench_ext,Real
corpora/aigc_bench_ext/images/Real/ood_0015939.jpg,0,aigc_bench_ext,Real
corpora/aigc_bench_ext/images/Real/ood_0015941.jpg,0,aigc_bench_ext,Real
corpora/aigc_bench_ext/images/Real/ood_0015943.jpg,0,aigc_bench_ext,Real
corpora/aigc_bench_ext/images/Real/ood_0015945.jpg,0,aigc_bench_ext,Real
corpora/aigc_bench_ext/images/Real/ood_0015947.jpg,0,aigc_bench_ext,Real
corpora/aigc_bench_ext/images/Real/ood_0015949.jpg,0,aigc_bench_ext,Real
corpora/aigc_bench_ext/images/Real/ood_0015951.jpg,0,aigc_bench_ext,Real
corpora/aigc_bench_ext/images/Real/ood_0015953.jpg,0,aigc_bench_ext,Real
corpora/aigc_bench_ext/images/Real/ood_0015955.jpg,0,aigc_bench_ext,Real
corpora/aigc_bench_ext/images/Real/ood_0015957.jpg,0,aigc_bench_ext,Real
corpora/aigc_bench_ext/images/Real/ood_0015959.jpg,0,aigc_bench_ext,Real
corpora/aigc_bench_ext/images/Real/ood_0015961.jpg,0,aigc_bench_ext,Real
corpora/aigc_bench_ext/images/Real/ood_0015963.jpg,0,aigc_bench_ext,Real
corpora/aigc_bench_ext/images/Real/ood_0015965.jpg,0,aigc_bench_ext,Real
corpora/aigc_bench_ext/images/Real/ood_0015967.jpg,0,aigc_bench_ext,Real
corpora/aigc_bench_ext/images/Real/ood_0015969.jpg,0,aigc_bench_ext,Real
corpora/aigc_bench_ext/images/Real/ood_0015971.jpg,0,aigc_bench_ext,Real
corpora/aigc_bench_ext/images/Real/ood_0015973.jpg,0,aigc_bench_ext,Real
corpora/aigc_bench_ext/images/Real/ood_0015975.jpg,0,aigc_bench_ext,Real
corpora/aigc_bench_ext/images/Real/ood_0015977.jpg,0,aigc_bench_ext,Real
corpora/aigc_bench_ext/images/Real/ood_0015979.jpg,0,aigc_bench_ext,Real
corpora/aigc_bench_ext/images/Real/ood_0015981.jpg,0,aigc_bench_ext,Real
corpora/aigc_bench_ext/images/Real/ood_0015983.jpg,0,aigc_bench_ext,Real
corpora/aigc_bench_ext/images/Real/ood_0015985.jpg,0,aigc_bench_ext,Real
corpora/aigc_bench_ext/images/Real/ood_0015987.jpg,0,aigc_bench_ext,Real
corpora/aigc_bench_ext/images/Real/ood_0015989.jpg,0,aigc_bench_ext,Real
corpora/aigc_bench_ext/images/Real/ood_0015991.jpg,0,aigc_bench_ext,Real
corpora/aigc_bench_ext/images/Real/ood_0015993.jpg,0,aigc_bench_ext,Real
corpora/aigc_bench_ext/images/Real/ood_0015995.jpg,0,aigc_bench_ext,Real
corpora/aigc_bench_ext/images/Real/ood_0015997.jpg,0,aigc_bench_ext,Real
corpora/aigc_bench_ext/images/Real/ood_0015999.jpg,0,aigc_bench_ext,Real
corpora/aigc_bench_ext/images/Real/ood_0016001.jpg,0,aigc_bench_ext,Real
corpora/aigc_bench_ext/images/Real/ood_0016003.jpg,0,aigc_bench_ext,Real
corpora/aigc_bench_ext/images/Real/ood_0016005.jpg,0,aigc_bench_ext,Real
corpora/aigc_bench_ext/images/Real/ood_0016007.jpg,0,aigc_bench_ext,Real
corpora/aigc_bench_ext/images/Real/ood_0016009.jpg,0,aigc_bench_ext,Real
corpora/aigc_bench_ext/images/Real/ood_0016011.jpg,0,aigc_bench_ext,Real
corpora/aigc_bench_ext/images/Real/ood_0016013.jpg,0,aigc_bench_ext,Real
corpora/aigc_bench_ext/images/Real/ood_0016015.jpg,0,aigc_bench_ext,Real
corpora/aigc_bench_ext/images/Real/ood_0016017.jpg,0,aigc_bench_ext,Real
corpora/aigc_bench_ext/images/Real/ood_0016019.jpg,0,aigc_bench_ext,Real
corpora/aigc_bench_ext/images/Real/ood_0016021.jpg,0,aigc_bench_ext,Real
corpora/aigc_bench_ext/images/Real/ood_0016023.jpg,0,aigc_bench_ext,Real
corpora/aigc_bench_ext/images/Real/ood_0016025.jpg,0,aigc_bench_ext,Real
corpora/aigc_bench_ext/images/Real/ood_0016027.jpg,0,aigc_bench_ext,Real
corpora/aigc_bench_ext/images/Real/ood_0016029.jpg,0,aigc_bench_ext,Real
corpora/aigc_bench_ext/images/Real/ood_0016031.jpg,0,aigc_bench_ext,Real
corpora/aigc_bench_ext/images/Real/ood_0016033.jpg,0,aigc_bench_ext,Real
corpora/aigc_bench_ext/images/Real/ood_0016035.jpg,0,aigc_bench_ext,Real
corpora/aigc_bench_ext/images/Real/ood_0016037.jpg,0,aigc_bench_ext,Real
corpora/aigc_bench_ext/images/Real/ood_0016039.jpg,0,aigc_bench_ext,Real
corpora/aigc_bench_ext/images/Real/ood_0016041.jpg,0,aigc_bench_ext,Real
corpora/aigc_bench_ext/images/Real/ood_0016043.jpg,0,aigc_bench_ext,Real
corpora/aigc_bench_ext/images/Real/ood_0016045.jpg,0,aigc_bench_ext,Real
corpora/aigc_bench_ext/images/Real/ood_0016047.jpg,0,aigc_bench_ext,Real
corpora/aigc_bench_ext/images/Real/ood_0016049.jpg,0,aigc_bench_ext,Real
corpora/aigc_bench_ext/images/Real/ood_0016051.jpg,0,aigc_bench_ext,Real
corpora/aigc_bench_ext/images/Real/ood_0016053.jpg,0,aigc_bench_ext,Real
corpora/aigc_bench_ext/images/Real/ood_0016055.jpg,0,aigc_bench_ext,Real
corpora/aigc_bench_ext/images/Real/ood_0016057.jpg,0,aigc_bench_ext,Real
corpora/aigc_bench_ext/images/Real/ood_0016059.jpg,0,aigc_bench_ext,Real
corpora/aigc_bench_ext/images/Real/ood_0016061.jpg,0,aigc_bench_ext,Real
corpora/aigc_bench_ext/images/Real/ood_0016063.jpg,0,aigc_bench_ext,Real
corpora/aigc_bench_ext/images/Real/ood_0016065.jpg,0,aigc_bench_ext,Real
corpora/aigc_bench_ext/images/Real/ood_0016067.jpg,0,aigc_bench_ext,Real
corpora/aigc_bench_ext/images/Real/ood_0016069.jpg,0,aigc_bench_ext,Real
corpora/aigc_bench_ext/images/Real/ood_0016071.jpg,0,aigc_bench_ext,Real
corpora/aigc_bench_ext/images/Real/ood_0016073.jpg,0,aigc_bench_ext,Real
corpora/aigc_bench_ext/images/Real/ood_0016075.jpg,0,aigc_bench_ext,Real
corpora/aigc_bench_ext/images/Real/ood_0016077.jpg,0,aigc_bench_ext,Real
corpora/aigc_bench_ext/images/Real/ood_0016079.jpg,0,aigc_bench_ext,Real
corpora/aigc_bench_ext/images/Real/ood_0016081.jpg,0,aigc_bench_ext,Real
corpora/aigc_bench_ext/images/Real/ood_0016083.jpg,0,aigc_bench_ext,Real
corpora/aigc_bench_ext/images/Real/ood_0016085.jpg,0,aigc_bench_ext,Real
corpora/aigc_bench_ext/images/Real/ood_0016087.jpg,0,aigc_bench_ext,Real
corpora/aigc_bench_ext/images/Real/ood_0016089.jpg,0,aigc_bench_ext,Real
corpora/aigc_bench_ext/images/Real/ood_0016091.jpg,0,aigc_bench_ext,Real
corpora/aigc_bench_ext/images/Real/ood_0016093.jpg,0,aigc_bench_ext,Real
corpora/aigc_bench_ext/images/Real/ood_0016095.jpg,0,aigc_bench_ext,Real
corpora/aigc_bench_ext/images/Real/ood_0016097.jpg,0,aigc_bench_ext,Real
corpora/aigc_bench_ext/images/Real/ood_0016099.jpg,0,aigc_bench_ext,Real
corpora/aigc_bench_ext/images/Real/ood_0016101.jpg,0,aigc_bench_ext,Real
corpora/aigc_bench_ext/images/Real/ood_0016103.jpg,0,aigc_bench_ext,Real
corpora/aigc_bench_ext/images/Real/ood_0016105.jpg,0,aigc_bench_ext,Real
corpora/aigc_bench_ext/images/Real/ood_0016107.jpg,0,aigc_bench_ext,Real
corpora/aigc_bench_ext/images/Real/ood_0016109.jpg,0,aigc_bench_ext,Real
corpora/aigc_bench_ext/images/Real/ood_0016111.jpg,0,aigc_bench_ext,Real
corpora/aigc_bench_ext/images/Real/ood_0016113.jpg,0,aigc_bench_ext,Real
corpora/aigc_bench_ext/images/Real/ood_0016115.jpg,0,aigc_bench_ext,Real
corpora/aigc_bench_ext/images/Real/ood_0016117.jpg,0,aigc_bench_ext,Real
corpora/aigc_bench_ext/images/Real/ood_0016119.jpg,0,aigc_bench_ext,Real
corpora/aigc_bench_ext/images/Real/ood_0016121.jpg,0,aigc_bench_ext,Real
corpora/aigc_bench_ext/images/Real/ood_0016123.jpg,0,aigc_bench_ext,Real
corpora/aigc_bench_ext/images/Real/ood_0016125.jpg,0,aigc_bench_ext,Real
corpora/aigc_bench_ext/images/Real/ood_0016127.jpg,0,aigc_bench_ext,Real
corpora/aigc_bench_ext/images/Real/ood_0016129.jpg,0,aigc_bench_ext,Real
corpora/aigc_bench_ext/images/Real/ood_0016131.jpg,0,aigc_bench_ext,Real
corpora/aigc_bench_ext/images/Real/ood_0016133.jpg,0,aigc_bench_ext,Real
corpora/aigc_bench_ext/images/Real/ood_0016135.jpg,0,aigc_bench_ext,Real
corpora/aigc_bench_ext/images/Real/ood_0016137.jpg,0,aigc_bench_ext,Real
corpora/aigc_bench_ext/images/Real/ood_0016139.jpg,0,aigc_bench_ext,Real
corpora/aigc_bench_ext/images/Real/ood_0016141.jpg,0,aigc_bench_ext,Real
corpora/aigc_bench_ext/images/Real/ood_0016143.jpg,0,aigc_bench_ext,Real
corpora/aigc_bench_ext/images/Real/ood_0016145.jpg,0,aigc_bench_ext,Real
corpora/aigc_bench_ext/images/Real/ood_0016147.jpg,0,aigc_bench_ext,Real
corpora/aigc_bench_ext/images/Real/ood_0016149.jpg,0,aigc_bench_ext,Real
corpora/aigc_bench_ext/images/Real/ood_0016151.jpg,0,aigc_bench_ext,Real
corpora/aigc_bench_ext/images/Real/ood_0016153.jpg,0,aigc_bench_ext,Real
corpora/aigc_bench_ext/images/Real/ood_0016155.jpg,0,aigc_bench_ext,Real
corpora/aigc_bench_ext/images/Real/ood_0016157.jpg,0,aigc_bench_ext,Real
corpora/aigc_bench_ext/images/Real/ood_0016159.jpg,0,aigc_bench_ext,Real
corpora/aigc_bench_ext/images/Real/ood_0016161.jpg,0,aigc_bench_ext,Real
corpora/aigc_bench_ext/images/Real/ood_0016163.jpg,0,aigc_bench_ext,Real
corpora/aigc_bench_ext/images/Real/ood_0016165.jpg,0,aigc_bench_ext,Real
corpora/aigc_bench_ext/images/Real/ood_0016167.jpg,0,aigc_bench_ext,Real
corpora/aigc_bench_ext/images/Real/ood_0016169.jpg,0,aigc_bench_ext,Real
corpora/aigc_bench_ext/images/Real/ood_0016171.jpg,0,aigc_bench_ext,Real
corpora/aigc_bench_ext/images/Real/ood_0016173.jpg,0,aigc_bench_ext,Real
corpora/aigc_bench_ext/images/Real/ood_0016175.jpg,0,aigc_bench_ext,Real
corpora/aigc_bench_ext/images/Real/ood_0016177.jpg,0,aigc_bench_ext,Real
corpora/aigc_bench_ext/images/Real/ood_0016179.jpg,0,aigc_bench_ext,Real
corpora/aigc_bench_ext/images/Real/ood_0016181.jpg,0,aigc_bench_ext,Real
corpora/aigc_bench_ext/images/Real/ood_0016183.jpg,0,aigc_bench_ext,Real
corpora/aigc_bench_ext/images/Real/ood_0016185.jpg,0,aigc_bench_ext,Real
corpora/aigc_bench_ext/images/Real/ood_0016187.jpg,0,aigc_bench_ext,Real
corpora/aigc_bench_ext/images/Real/ood_0016189.jpg,0,aigc_bench_ext,Real
corpora/aigc_bench_ext/images/Real/ood_0016191.jpg,0,aigc_bench_ext,Real
corpora/aigc_bench_ext/images/Real/ood_0016193.jpg,0,aigc_bench_ext,Real
corpora/aigc_bench_ext/images/Real/ood_0016195.jpg,0,aigc_bench_ext,Real
corpora/aigc_bench_ext/images/Real/ood_0016197.jpg,0,aigc_bench_ext,Real
corpora/aigc_bench_ext/images/Real/ood_0016199.jpg,0,aigc_bench_ext,Real
corpora/aigc_bench_ext/images/Real/ood_0016201.jpg,0,aigc_bench_ext,Real
corpora/aigc_bench_ext/images/Real/ood_0016203.jpg,0,aigc_bench_ext,Real
corpora/aigc_bench_ext/images/Real/ood_0016205.jpg,0,aigc_bench_ext,Real
corpora/aigc_bench_ext/images/Real/ood_0016207.jpg,0,aigc_bench_ext,Real
corpora/aigc_bench_ext/images/Real/ood_0016209.jpg,0,aigc_bench_ext,Real
corpora/aigc_bench_ext/images/Real/ood_0016211.jpg,0,aigc_bench_ext,Real
corpora/aigc_bench_ext/images/Real/ood_0016213.jpg,0,aigc_bench_ext,Real
corpora/aigc_bench_ext/images/Real/ood_0016215.jpg,0,aigc_bench_ext,Real
corpora/aigc_bench_ext/images/Real/ood_0016217.jpg,0,aigc_bench_ext,Real
corpora/aigc_bench_ext/images/Real/ood_0016219.jpg,0,aigc_bench_ext,Real
corpora/aigc_bench_ext/images/Real/ood_0016221.jpg,0,aigc_bench_ext,Real
corpora/aigc_bench_ext/images/Real/ood_0016223.jpg,0,aigc_bench_ext,Real
corpora/aigc_bench_ext/images/Real/ood_0016225.jpg,0,aigc_bench_ext,Real
corpora/aigc_bench_ext/images/Real/ood_0016227.jpg,0,aigc_bench_ext,Real
corpora/aigc_bench_ext/images/Real/ood_0016229.jpg,0,aigc_bench_ext,Real
corpora/aigc_bench_ext/images/Real/ood_0016231.jpg,0,aigc_bench_ext,Real
corpora/aigc_bench_ext/images/Real/ood_0016233.jpg,0,aigc_bench_ext,Real
corpora/aigc_bench_ext/images/Real/ood_0016235.jpg,0,aigc_bench_ext,Real
corpora/aigc_bench_ext/images/Real/ood_0016237.jpg,0,aigc_bench_ext,Real
corpora/aigc_bench_ext/images/Real/ood_0016239.jpg,0,aigc_bench_ext,Real
corpora/aigc_bench_ext/images/Real/ood_0016241.jpg,0,aigc_bench_ext,Real
corpora/aigc_bench_ext/images/Real/ood_0016243.jpg,0,aigc_bench_ext,Real
corpora/aigc_bench_ext/images/Real/ood_0016245.jpg,0,aigc_bench_ext,Real
corpora/aigc_bench_ext/images/Real/ood_0016247.jpg,0,aigc_bench_ext,Real
corpora/aigc_bench_ext/images/Real/ood_0016249.jpg,0,aigc_bench_ext,Real
corpora/aigc_bench_ext/images/Real/ood_0016251.jpg,0,aigc_bench_ext,Real
corpora/aigc_bench_ext/images/Real/ood_0016253.jpg,0,aigc_bench_ext,Real
corpora/aigc_bench_ext/images/Real/ood_0016255.jpg,0,aigc_bench_ext,Real
corpora/aigc_bench_ext/images/Real/ood_0016257.jpg,0,aigc_bench_ext,Real
corpora/aigc_bench_ext/images/Real/ood_0016259.jpg,0,aigc_bench_ext,Real
corpora/aigc_bench_ext/images/Real/ood_0016261.jpg,0,aigc_bench_ext,Real
corpora/aigc_bench_ext/images/Real/ood_0016263.jpg,0,aigc_bench_ext,Real
corpora/aigc_bench_ext/images/Real/ood_0016265.jpg,0,aigc_bench_ext,Real
corpora/aigc_bench_ext/images/Real/ood_0016267.jpg,0,aigc_bench_ext,Real
corpora/aigc_bench_ext/images/Real/ood_0016269.jpg,0,aigc_bench_ext,Real
corpora/aigc_bench_ext/images/Real/ood_0016271.jpg,0,aigc_bench_ext,Real
corpora/aigc_bench_ext/images/Real/ood_0016273.jpg,0,aigc_bench_ext,Real
corpora/aigc_bench_ext/images/Real/ood_0016275.jpg,0,aigc_bench_ext,Real
corpora/aigc_bench_ext/images/Real/ood_0016277.jpg,0,aigc_bench_ext,Real
corpora/aigc_bench_ext/images/Real/ood_0016279.jpg,0,aigc_bench_ext,Real
corpora/aigc_bench_ext/images/Real/ood_0016281.jpg,0,aigc_bench_ext,Real
corpora/aigc_bench_ext/images/Real/ood_0016283.jpg,0,aigc_bench_ext,Real
corpora/aigc_bench_ext/images/Real/ood_0016285.jpg,0,aigc_bench_ext,Real
corpora/aigc_bench_ext/images/Real/ood_0016287.jpg,0,aigc_bench_ext,Real
corpora/aigc_bench_ext/images/Real/ood_0016289.jpg,0,aigc_bench_ext,Real
corpora/aigc_bench_ext/images/Real/ood_0016291.jpg,0,aigc_bench_ext,Real
corpora/aigc_bench_ext/images/Real/ood_0016293.jpg,0,aigc_bench_ext,Real
corpora/aigc_bench_ext/images/Real/ood_0016295.jpg,0,aigc_bench_ext,Real
corpora/aigc_bench_ext/images/Real/ood_0016297.jpg,0,aigc_bench_ext,Real
corpora/aigc_bench_ext/images/Real/ood_0016299.jpg,0,aigc_bench_ext,Real
corpora/aigc_bench_ext/images/Real/ood_0016301.jpg,0,aigc_bench_ext,Real
corpora/aigc_bench_ext/images/Real/ood_0016303.jpg,0,aigc_bench_ext,Real
corpora/aigc_bench_ext/images/Real/ood_0016305.jpg,0,aigc_bench_ext,Real
corpora/aigc_bench_ext/images/Real/ood_0016307.jpg,0,aigc_bench_ext,Real
corpora/aigc_bench_ext/images/Real/ood_0016309.jpg,0,aigc_bench_ext,Real
corpora/aigc_bench_ext/images/Real/ood_0016311.jpg,0,aigc_bench_ext,Real
corpora/aigc_bench_ext/images/Real/ood_0016313.jpg,0,aigc_bench_ext,Real
corpora/aigc_bench_ext/images/Real/ood_0016315.jpg,0,aigc_bench_ext,Real
corpora/aigc_bench_ext/images/Real/ood_0016317.jpg,0,aigc_bench_ext,Real
corpora/aigc_bench_ext/images/Real/ood_0016319.jpg,0,aigc_bench_ext,Real
corpora/aigc_bench_ext/images/Real/ood_0016321.jpg,0,aigc_bench_ext,Real
corpora/aigc_bench_ext/images/Real/ood_0016323.jpg,0,aigc_bench_ext,Real
corpora/aigc_bench_ext/images/Real/ood_0016325.jpg,0,aigc_bench_ext,Real
corpora/aigc_bench_ext/images/Real/ood_0016327.jpg,0,aigc_bench_ext,Real
corpora/aigc_bench_ext/images/Real/ood_0016329.jpg,0,aigc_bench_ext,Real
corpora/aigc_bench_ext/images/Real/ood_0016331.jpg,0,aigc_bench_ext,Real
corpora/aigc_bench_ext/images/Real/ood_0016333.jpg,0,aigc_bench_ext,Real
corpora/aigc_bench_ext/images/Real/ood_0016335.jpg,0,aigc_bench_ext,Real
corpora/aigc_bench_ext/images/Real/ood_0016337.jpg,0,aigc_bench_ext,Real
corpora/aigc_bench_ext/images/Real/ood_0016339.jpg,0,aigc_bench_ext,Real
corpora/aigc_bench_ext/images/Real/ood_0016341.jpg,0,aigc_bench_ext,Real
corpora/aigc_bench_ext/images/Real/ood_0016343.jpg,0,aigc_bench_ext,Real
corpora/aigc_bench_ext/images/Real/ood_0016345.jpg,0,aigc_bench_ext,Real
corpora/aigc_bench_ext/images/Real/ood_0016347.jpg,0,aigc_bench_ext,Real
corpora/aigc_bench_ext/images/Real/ood_0016349.jpg,0,aigc_bench_ext,Real
corpora/aigc_bench_ext/images/Real/ood_0016351.jpg,0,aigc_bench_ext,Real
corpora/aigc_bench_ext/images/Real/ood_0016353.jpg,0,aigc_bench_ext,Real
corpora/aigc_bench_ext/images/Real/ood_0016355.jpg,0,aigc_bench_ext,Real
corpora/aigc_bench_ext/images/Real/ood_0016357.jpg,0,aigc_bench_ext,Real
corpora/aigc_bench_ext/images/Real/ood_0016359.jpg,0,aigc_bench_ext,Real
corpora/aigc_bench_ext/images/Real/ood_0016361.jpg,0,aigc_bench_ext,Real
corpora/aigc_bench_ext/images/Real/ood_0016363.jpg,0,aigc_bench_ext,Real
corpora/aigc_bench_ext/images/Real/ood_0016365.jpg,0,aigc_bench_ext,Real
corpora/aigc_bench_ext/images/Real/ood_0016367.jpg,0,aigc_bench_ext,Real
corpora/aigc_bench_ext/images/Real/ood_0016369.jpg,0,aigc_bench_ext,Real
corpora/aigc_bench_ext/images/Real/ood_0016371.jpg,0,aigc_bench_ext,Real
corpora/aigc_bench_ext/images/Real/ood_0016373.jpg,0,aigc_bench_ext,Real
corpora/aigc_bench_ext/images/Real/ood_0016375.jpg,0,aigc_bench_ext,Real
corpora/aigc_bench_ext/images/Real/ood_0016377.jpg,0,aigc_bench_ext,Real
corpora/aigc_bench_ext/images/Real/ood_0016379.jpg,0,aigc_bench_ext,Real
corpora/aigc_bench_ext/images/Real/ood_0016381.jpg,0,aigc_bench_ext,Real
corpora/aigc_bench_ext/images/Real/ood_0016383.jpg,0,aigc_bench_ext,Real
corpora/aigc_bench_ext/images/Real/ood_0016385.jpg,0,aigc_bench_ext,Real
corpora/aigc_bench_ext/images/Real/ood_0016387.jpg,0,aigc_bench_ext,Real
corpora/aigc_bench_ext/images/Real/ood_0016389.jpg,0,aigc_bench_ext,Real
corpora/aigc_bench_ext/images/Real/ood_0016391.jpg,0,aigc_bench_ext,Real
corpora/aigc_bench_ext/images/Real/ood_0016393.jpg,0,aigc_bench_ext,Real
corpora/aigc_bench_ext/images/Real/ood_0016395.jpg,0,aigc_bench_ext,Real
corpora/aigc_bench_ext/images/Real/ood_0016397.jpg,0,aigc_bench_ext,Real
corpora/aigc_bench_ext/images/Real/ood_0016399.jpg,0,aigc_bench_ext,Real
corpora/aigc_bench_ext/images/Real/ood_0016401.jpg,0,aigc_bench_ext,Real
corpora/aigc_bench_ext/images/Real/ood_0016403.jpg,0,aigc_bench_ext,Real
corpora/aigc_bench_ext/images/Real/ood_0016405.jpg,0,aigc_bench_ext,Real
corpora/aigc_bench_ext/images/Real/ood_0016407.jpg,0,aigc_bench_ext,Real
corpora/aigc_bench_ext/images/Real/ood_0016409.jpg,0,aigc_bench_ext,Real
corpora/aigc_bench_ext/images/Real/ood_0016411.jpg,0,aigc_bench_ext,Real
corpora/aigc_bench_ext/images/Real/ood_0016413.jpg,0,aigc_bench_ext,Real
corpora/aigc_bench_ext/images/Real/ood_0016415.jpg,0,aigc_bench_ext,Real
corpora/aigc_bench_ext/images/Real/ood_0016417.jpg,0,aigc_bench_ext,Real
corpora/aigc_bench_ext/images/Real/ood_0016419.jpg,0,aigc_bench_ext,Real
corpora/aigc_bench_ext/images/Real/ood_0016421.jpg,0,aigc_bench_ext,Real
corpora/aigc_bench_ext/images/Real/ood_0016423.jpg,0,aigc_bench_ext,Real
corpora/aigc_bench_ext/images/Real/ood_0016425.jpg,0,aigc_bench_ext,Real
corpora/aigc_bench_ext/images/Real/ood_0016427.jpg,0,aigc_bench_ext,Real
corpora/aigc_bench_ext/images/Real/ood_0016429.jpg,0,aigc_bench_ext,Real
corpora/aigc_bench_ext/images/Real/ood_0016431.jpg,0,aigc_bench_ext,Real
corpora/aigc_bench_ext/images/Real/ood_0016433.jpg,0,aigc_bench_ext,Real
corpora/aigc_bench_ext/images/Real/ood_0016435.jpg,0,aigc_bench_ext,Real
corpora/aigc_bench_ext/images/Real/ood_0016437.jpg,0,aigc_bench_ext,Real
corpora/aigc_bench_ext/images/Real/ood_0016439.jpg,0,aigc_bench_ext,Real
corpora/aigc_bench_ext/images/Real/ood_0016441.jpg,0,aigc_bench_ext,Real
corpora/aigc_bench_ext/images/Real/ood_0016443.jpg,0,aigc_bench_ext,Real
corpora/aigc_bench_ext/images/Real/ood_0016445.jpg,0,aigc_bench_ext,Real
corpora/aigc_bench_ext/images/Real/ood_0016447.jpg,0,aigc_bench_ext,Real
corpora/aigc_bench_ext/images/Real/ood_0016449.jpg,0,aigc_bench_ext,Real
corpora/aigc_bench_ext/images/Real/ood_0016451.jpg,0,aigc_bench_ext,Real
corpora/aigc_bench_ext/images/Real/ood_0016453.jpg,0,aigc_bench_ext,Real
corpora/aigc_bench_ext/images/Real/ood_0016455.jpg,0,aigc_bench_ext,Real
corpora/aigc_bench_ext/images/Real/ood_0016457.jpg,0,aigc_bench_ext,Real
corpora/aigc_bench_ext/images/Real/ood_0016459.jpg,0,aigc_bench_ext,Real
corpora/aigc_bench_ext/images/Real/ood_0016461.jpg,0,aigc_bench_ext,Real
corpora/aigc_bench_ext/images/Real/ood_0016463.jpg,0,aigc_bench_ext,Real
corpora/aigc_bench_ext/images/Real/ood_0016465.jpg,0,aigc_bench_ext,Real
corpora/aigc_bench_ext/images/Real/ood_0016467.jpg,0,aigc_bench_ext,Real
corpora/aigc_bench_ext/images/Real/ood_0016469.jpg,0,aigc_bench_ext,Real
corpora/aigc_bench_ext/images/Real/ood_0016471.jpg,0,aigc_bench_ext,Real
corpora/aigc_bench_ext/images/Real/ood_0016473.jpg,0,aigc_bench_ext,Real
corpora/aigc_bench_ext/images/Real/ood_0016475.jpg,0,aigc_bench_ext,Real
corpora/aigc_bench_ext/images/Real/ood_0016477.jpg,0,aigc_bench_ext,Real
corpora/aigc_bench_ext/images/Real/ood_0016479.jpg,0,aigc_bench_ext,Real
corpora/aigc_bench_ext/images/Real/ood_0016481.jpg,0,aigc_bench_ext,Real
corpora/aigc_bench_ext/images/Real/ood_0016483.jpg,0,aigc_bench_ext,Real
corpora/aigc_bench_ext/images/Real/ood_0016485.jpg,0,aigc_bench_ext,Real
corpora/aigc_bench_ext/images/Real/ood_0016487.jpg,0,aigc_bench_ext,Real
corpora/aigc_bench_ext/images/Real/ood_0016489.jpg,0,aigc_bench_ext,Real
corpora/aigc_bench_ext/images/Real/ood_0016491.jpg,0,aigc_bench_ext,Real
corpora/aigc_bench_ext/images/Real/ood_0016493.jpg,0,aigc_bench_ext,Real
corpora/aigc_bench_ext/images/Real/ood_0016495.jpg,0,aigc_bench_ext,Real
corpora/aigc_bench_ext/images/Real/ood_0016497.jpg,0,aigc_bench_ext,Real
corpora/aigc_bench_ext/images/Real/ood_0016499.jpg,0,aigc_bench_ext,Real
corpora/aigc_bench_ext/images/Real/ood_0016501.jpg,0,aigc_bench_ext,Real
corpora/aigc_bench_ext/images/Real/ood_0016503.jpg,0,aigc_bench_ext,Real
corpora/aigc_bench_ext/images/Real/ood_0016505.jpg,0,aigc_bench_ext,Real
corpora/aigc_bench_ext/images/Real/ood_0016507.jpg,0,aigc_bench_ext,Real
corpora/aigc_bench_ext/images/Real/ood_0016509.jpg,0,aigc_bench_ext,Real
corpora/aigc_bench_ext/images/Real/ood_0016511.jpg,0,aigc_bench_ext,Real
corpora/aigc_bench_ext/images/Real/ood_0016513.jpg,0,aigc_bench_ext,Real
corpora/aigc_bench_ext/images/Real/ood_0016515.jpg,0,aigc_bench_ext,Real
corpora/aigc_bench_ext/images/Real/ood_0016517.jpg,0,aigc_bench_ext,Real
corpora/aigc_bench_ext/images/Real/ood_0016519.jpg,0,aigc_bench_ext,Real
corpora/aigc_bench_ext/images/Real/ood_0016521.jpg,0,aigc_bench_ext,Real
corpora/aigc_bench_ext/images/Real/ood_0016523.jpg,0,aigc_bench_ext,Real
corpora/aigc_bench_ext/images/Real/ood_0016525.jpg,0,aigc_bench_ext,Real
corpora/aigc_bench_ext/images/Real/ood_0016527.jpg,0,aigc_bench_ext,Real
corpora/aigc_bench_ext/images/Real/ood_0016529.jpg,0,aigc_bench_ext,Real
corpora/aigc_bench_ext/images/Real/ood_0016531.jpg,0,aigc_bench_ext,Real
corpora/aigc_bench_ext/images/Real/ood_0016533.jpg,0,aigc_bench_ext,Real
corpora/aigc_bench_ext/images/Real/ood_0016535.jpg,0,aigc_bench_ext,Real
corpora/aigc_bench_ext/images/Real/ood_0016537.jpg,0,aigc_bench_ext,Real
corpora/aigc_bench_ext/images/Real/ood_0016539.jpg,0,aigc_bench_ext,Real
corpora/aigc_bench_ext/images/Real/ood_0016541.jpg,0,aigc_bench_ext,Real
corpora/aigc_bench_ext/images/Real/ood_0016543.jpg,0,aigc_bench_ext,Real
corpora/aigc_bench_ext/images/Real/ood_0016545.jpg,0,aigc_bench_ext,Real
corpora/aigc_bench_ext/images/Real/ood_0016547.jpg,0,aigc_bench_ext,Real
corpora/aigc_bench_ext/images/Real/ood_0016549.jpg,0,aigc_bench_ext,Real
corpora/aigc_bench_ext/images/Real/ood_0016551.jpg,0,aigc_bench_ext,Real
corpora/aigc_bench_ext/images/Real/ood_0016553.jpg,0,aigc_bench_ext,Real
corpora/aigc_bench_ext/images/Real/ood_0016555.jpg,0,aigc_bench_ext,Real
corpora/aigc_bench_ext/images/Real/ood_0016557.jpg,0,aigc_bench_ext,Real
corpora/aigc_bench_ext/images/Real/ood_0016559.jpg,0,aigc_bench_ext,Real
corpora/aigc_bench_ext/images/Real/ood_0016561.jpg,0,aigc_bench_ext,Real
corpora/aigc_bench_ext/images/Real/ood_0016563.jpg,0,aigc_bench_ext,Real
corpora/aigc_bench_ext/images/Real/ood_0016565.jpg,0,aigc_bench_ext,Real
corpora/aigc_bench_ext/images/Real/ood_0016567.jpg,0,aigc_bench_ext,Real
corpora/aigc_bench_ext/images/Real/ood_0016569.jpg,0,aigc_bench_ext,Real
corpora/aigc_bench_ext/images/Real/ood_0016571.jpg,0,aigc_bench_ext,Real
corpora/aigc_bench_ext/images/Real/ood_0016573.jpg,0,aigc_bench_ext,Real
corpora/aigc_bench_ext/images/Real/ood_0016575.jpg,0,aigc_bench_ext,Real
corpora/aigc_bench_ext/images/Real/ood_0016577.jpg,0,aigc_bench_ext,Real
corpora/aigc_bench_ext/images/Real/ood_0016579.jpg,0,aigc_bench_ext,Real
corpora/aigc_bench_ext/images/Real/ood_0016581.jpg,0,aigc_bench_ext,Real
corpora/aigc_bench_ext/images/Real/ood_0016583.jpg,0,aigc_bench_ext,Real
corpora/aigc_bench_ext/images/Real/ood_0016585.jpg,0,aigc_bench_ext,Real
corpora/aigc_bench_ext/images/Real/ood_0016587.jpg,0,aigc_bench_ext,Real
corpora/aigc_bench_ext/images/Real/ood_0016589.jpg,0,aigc_bench_ext,Real
corpora/aigc_bench_ext/images/Real/ood_0016591.jpg,0,aigc_bench_ext,Real
corpora/aigc_bench_ext/images/Real/ood_0016593.jpg,0,aigc_bench_ext,Real
corpora/aigc_bench_ext/images/Real/ood_0016595.jpg,0,aigc_bench_ext,Real
corpora/aigc_bench_ext/images/Real/ood_0016597.jpg,0,aigc_bench_ext,Real
corpora/aigc_bench_ext/images/Real/ood_0016599.jpg,0,aigc_bench_ext,Real
corpora/aigc_bench_ext/images/Real/ood_0016601.jpg,0,aigc_bench_ext,Real
corpora/aigc_bench_ext/images/Real/ood_0016603.jpg,0,aigc_bench_ext,Real
corpora/aigc_bench_ext/images/Real/ood_0016605.jpg,0,aigc_bench_ext,Real
corpora/aigc_bench_ext/images/Real/ood_0016607.jpg,0,aigc_bench_ext,Real
corpora/aigc_bench_ext/images/Real/ood_0016609.jpg,0,aigc_bench_ext,Real
corpora/aigc_bench_ext/images/Real/ood_0016611.jpg,0,aigc_bench_ext,Real
corpora/aigc_bench_ext/images/Real/ood_0016613.jpg,0,aigc_bench_ext,Real
corpora/aigc_bench_ext/images/Real/ood_0016615.jpg,0,aigc_bench_ext,Real
corpora/aigc_bench_ext/images/Real/ood_0016617.jpg,0,aigc_bench_ext,Real
corpora/aigc_bench_ext/images/Real/ood_0016619.jpg,0,aigc_bench_ext,Real
corpora/aigc_bench_ext/images/Real/ood_0016621.jpg,0,aigc_bench_ext,Real
corpora/aigc_bench_ext/images/Real/ood_0016623.jpg,0,aigc_bench_ext,Real
corpora/aigc_bench_ext/images/Real/ood_0016625.jpg,0,aigc_bench_ext,Real
corpora/aigc_bench_ext/images/Real/ood_0016627.jpg,0,aigc_bench_ext,Real
corpora/aigc_bench_ext/images/Real/ood_0016629.jpg,0,aigc_bench_ext,Real
corpora/aigc_bench_ext/images/Real/ood_0016631.jpg,0,aigc_bench_ext,Real
corpora/aigc_bench_ext/images/Real/ood_0016633.jpg,0,aigc_bench_ext,Real
corpora/aigc_bench_ext/images/Real/ood_0016635.jpg,0,aigc_bench_ext,Real
corpora/aigc_bench_ext/images/Real/ood_0016637.jpg,0,aigc_bench_ext,Real
corpora/aigc_bench_ext/images/Real/ood_0016639.jpg,0,aigc_bench_ext,Real
corpora/aigc_bench_ext/images/Real/ood_0016641.jpg,0,aigc_bench_ext,Real
corpora/aigc_bench_ext/images/Real/ood_0016643.jpg,0,aigc_bench_ext,Real
corpora/aigc_bench_ext/images/Real/ood_0016645.jpg,0,aigc_bench_ext,Real
corpora/aigc_bench_ext/images/Real/ood_0016647.jpg,0,aigc_bench_ext,Real
corpora/aigc_bench_ext/images/Real/ood_0016649.jpg,0,aigc_bench_ext,Real
corpora/aigc_bench_ext/images/Real/ood_0016651.jpg,0,aigc_bench_ext,Real
corpora/aigc_bench_ext/images/Real/ood_0016653.jpg,0,aigc_bench_ext,Real
corpora/aigc_bench_ext/images/Real/ood_0016655.jpg,0,aigc_bench_ext,Real
corpora/aigc_bench_ext/images/Real/ood_0016657.jpg,0,aigc_bench_ext,Real
corpora/aigc_bench_ext/images/Real/ood_0016659.jpg,0,aigc_bench_ext,Real
corpora/aigc_bench_ext/images/Real/ood_0016661.jpg,0,aigc_bench_ext,Real
corpora/aigc_bench_ext/images/Real/ood_0016663.jpg,0,aigc_bench_ext,Real
corpora/aigc_bench_ext/images/Real/ood_0016665.jpg,0,aigc_bench_ext,Real
corpora/aigc_bench_ext/images/Real/ood_0016667.jpg,0,aigc_bench_ext,Real
corpora/aigc_bench_ext/images/Real/ood_0016669.jpg,0,aigc_bench_ext,Real
corpora/aigc_bench_ext/images/Real/ood_0016671.jpg,0,aigc_bench_ext,Real
corpora/aigc_bench_ext/images/Real/ood_0016673.jpg,0,aigc_bench_ext,Real
corpora/aigc_bench_ext/images/Real/ood_0016675.jpg,0,aigc_bench_ext,Real
corpora/aigc_bench_ext/images/Real/ood_0016677.jpg,0,aigc_bench_ext,Real
corpora/aigc_bench_ext/images/Real/ood_0016679.jpg,0,aigc_bench_ext,Real
corpora/aigc_bench_ext/images/Real/ood_0016681.jpg,0,aigc_bench_ext,Real
corpora/aigc_bench_ext/images/Real/ood_0016683.jpg,0,aigc_bench_ext,Real
corpora/aigc_bench_ext/images/Real/ood_0016685.jpg,0,aigc_bench_ext,Real
corpora/aigc_bench_ext/images/Real/ood_0016687.jpg,0,aigc_bench_ext,Real
corpora/aigc_bench_ext/images/Real/ood_0016689.jpg,0,aigc_bench_ext,Real
corpora/aigc_bench_ext/images/Real/ood_0016691.jpg,0,aigc_bench_ext,Real
corpora/aigc_bench_ext/images/Real/ood_0016693.jpg,0,aigc_bench_ext,Real
corpora/aigc_bench_ext/images/Real/ood_0016695.jpg,0,aigc_bench_ext,Real
corpora/aigc_bench_ext/images/Real/ood_0016697.jpg,0,aigc_bench_ext,Real
corpora/aigc_bench_ext/images/Real/ood_0016699.jpg,0,aigc_bench_ext,Real
corpora/aigc_bench_ext/images/Real/ood_0016701.jpg,0,aigc_bench_ext,Real
corpora/aigc_bench_ext/images/Real/ood_0016703.jpg,0,aigc_bench_ext,Real
corpora/aigc_bench_ext/images/Real/ood_0016705.jpg,0,aigc_bench_ext,Real
corpora/aigc_bench_ext/images/Real/ood_0016707.jpg,0,aigc_bench_ext,Real
corpora/aigc_bench_ext/images/Real/ood_0016709.jpg,0,aigc_bench_ext,Real
corpora/aigc_bench_ext/images/Real/ood_0016711.jpg,0,aigc_bench_ext,Real
corpora/aigc_bench_ext/images/Real/ood_0016713.jpg,0,aigc_bench_ext,Real
corpora/aigc_bench_ext/images/Real/ood_0016715.jpg,0,aigc_bench_ext,Real
corpora/aigc_bench_ext/images/Real/ood_0016717.jpg,0,aigc_bench_ext,Real
corpora/aigc_bench_ext/images/Real/ood_0016719.jpg,0,aigc_bench_ext,Real
corpora/aigc_bench_ext/images/Real/ood_0016721.jpg,0,aigc_bench_ext,Real
corpora/aigc_bench_ext/images/Real/ood_0016723.jpg,0,aigc_bench_ext,Real
corpora/aigc_bench_ext/images/Real/ood_0016725.jpg,0,aigc_bench_ext,Real
corpora/aigc_bench_ext/images/Real/ood_0016727.jpg,0,aigc_bench_ext,Real
corpora/aigc_bench_ext/images/Real/ood_0016729.jpg,0,aigc_bench_ext,Real
corpora/aigc_bench_ext/images/Real/ood_0016731.jpg,0,aigc_bench_ext,Real
corpora/aigc_bench_ext/images/Real/ood_0016733.jpg,0,aigc_bench_ext,Real
corpora/aigc_bench_ext/images/Real/ood_0016735.jpg,0,aigc_bench_ext,Real
corpora/aigc_bench_ext/images/Real/ood_0016737.jpg,0,aigc_bench_ext,Real
corpora/aigc_bench_ext/images/Real/ood_0016739.jpg,0,aigc_bench_ext,Real
corpora/aigc_bench_ext/images/Real/ood_0016741.jpg,0,aigc_bench_ext,Real
corpora/aigc_bench_ext/images/Real/ood_0016743.jpg,0,aigc_bench_ext,Real
corpora/aigc_bench_ext/images/Real/ood_0016745.jpg,0,aigc_bench_ext,Real
corpora/aigc_bench_ext/images/Real/ood_0016747.jpg,0,aigc_bench_ext,Real
corpora/aigc_bench_ext/images/Real/ood_0016749.jpg,0,aigc_bench_ext,Real
corpora/aigc_bench_ext/images/Real/ood_0016751.jpg,0,aigc_bench_ext,Real
corpora/aigc_bench_ext/images/Real/ood_0016753.jpg,0,aigc_bench_ext,Real
corpora/aigc_bench_ext/images/Real/ood_0016755.jpg,0,aigc_bench_ext,Real
corpora/aigc_bench_ext/images/Real/ood_0016757.jpg,0,aigc_bench_ext,Real
corpora/aigc_bench_ext/images/Real/ood_0016759.jpg,0,aigc_bench_ext,Real
corpora/aigc_bench_ext/images/Real/ood_0016761.jpg,0,aigc_bench_ext,Real
corpora/aigc_bench_ext/images/Real/ood_0016763.jpg,0,aigc_bench_ext,Real
corpora/aigc_bench_ext/images/Real/ood_0016765.jpg,0,aigc_bench_ext,Real
corpora/aigc_bench_ext/images/Real/ood_0016767.jpg,0,aigc_bench_ext,Real
corpora/aigc_bench_ext/images/Real/ood_0016769.jpg,0,aigc_bench_ext,Real
corpora/aigc_bench_ext/images/Real/ood_0016771.jpg,0,aigc_bench_ext,Real
corpora/aigc_bench_ext/images/Real/ood_0016773.jpg,0,aigc_bench_ext,Real
corpora/aigc_bench_ext/images/Real/ood_0016775.jpg,0,aigc_bench_ext,Real
corpora/aigc_bench_ext/images/Real/ood_0016777.jpg,0,aigc_bench_ext,Real
corpora/aigc_bench_ext/images/Real/ood_0016779.jpg,0,aigc_bench_ext,Real
corpora/aigc_bench_ext/images/Real/ood_0016781.jpg,0,aigc_bench_ext,Real
corpora/aigc_bench_ext/images/Real/ood_0016783.jpg,0,aigc_bench_ext,Real
corpora/aigc_bench_ext/images/Real/ood_0016785.jpg,0,aigc_bench_ext,Real
corpora/aigc_bench_ext/images/Real/ood_0016787.jpg,0,aigc_bench_ext,Real
corpora/aigc_bench_ext/images/Real/ood_0016789.jpg,0,aigc_bench_ext,Real
corpora/aigc_bench_ext/images/Real/ood_0016791.jpg,0,aigc_bench_ext,Real
corpora/aigc_bench_ext/images/Real/ood_0016793.jpg,0,aigc_bench_ext,Real
corpora/aigc_bench_ext/images/Real/ood_0016795.jpg,0,aigc_bench_ext,Real
corpora/aigc_bench_ext/images/Real/ood_0016797.jpg,0,aigc_bench_ext,Real
corpora/aigc_bench_ext/images/Real/ood_0016799.jpg,0,aigc_bench_ext,Real
corpora/aigc_bench_ext/images/Real/ood_0016801.jpg,0,aigc_bench_ext,Real
corpora/aigc_bench_ext/images/Real/ood_0016803.jpg,0,aigc_bench_ext,Real
corpora/aigc_bench_ext/images/Real/ood_0016805.jpg,0,aigc_bench_ext,Real
corpora/aigc_bench_ext/images/Real/ood_0016807.jpg,0,aigc_bench_ext,Real
corpora/aigc_bench_ext/images/Real/ood_0016809.jpg,0,aigc_bench_ext,Real
corpora/aigc_bench_ext/images/Real/ood_0016811.jpg,0,aigc_bench_ext,Real
corpora/aigc_bench_ext/images/Real/ood_0016813.jpg,0,aigc_bench_ext,Real
corpora/aigc_bench_ext/images/Real/ood_0016815.jpg,0,aigc_bench_ext,Real
corpora/aigc_bench_ext/images/Real/ood_0016817.jpg,0,aigc_bench_ext,Real
corpora/aigc_bench_ext/images/Real/ood_0016819.jpg,0,aigc_bench_ext,Real
corpora/aigc_bench_ext/images/Real/ood_0016821.jpg,0,aigc_bench_ext,Real
corpora/aigc_bench_ext/images/Real/ood_0016823.jpg,0,aigc_bench_ext,Real
corpora/aigc_bench_ext/images/Real/ood_0016825.jpg,0,aigc_bench_ext,Real
corpora/aigc_bench_ext/images/Real/ood_0016827.jpg,0,aigc_bench_ext,Real
corpora/aigc_bench_ext/images/Real/ood_0016829.jpg,0,aigc_bench_ext,Real
corpora/aigc_bench_ext/images/Real/ood_0016831.jpg,0,aigc_bench_ext,Real
corpora/aigc_bench_ext/images/Real/ood_0016833.jpg,0,aigc_bench_ext,Real
corpora/aigc_bench_ext/images/Real/ood_0016835.jpg,0,aigc_bench_ext,Real
corpora/aigc_bench_ext/images/Real/ood_0016837.jpg,0,aigc_bench_ext,Real
corpora/aigc_bench_ext/images/Real/ood_0016839.jpg,0,aigc_bench_ext,Real
corpora/aigc_bench_ext/images/Real/ood_0016841.jpg,0,aigc_bench_ext,Real
corpora/aigc_bench_ext/images/Real/ood_0016843.jpg,0,aigc_bench_ext,Real
corpora/aigc_bench_ext/images/Real/ood_0016845.jpg,0,aigc_bench_ext,Real
corpora/aigc_bench_ext/images/Real/ood_0016847.jpg,0,aigc_bench_ext,Real
corpora/aigc_bench_ext/images/Real/ood_0016849.jpg,0,aigc_bench_ext,Real
corpora/aigc_bench_ext/images/Real/ood_0016851.jpg,0,aigc_bench_ext,Real
corpora/aigc_bench_ext/images/Real/ood_0016853.jpg,0,aigc_bench_ext,Real
corpora/aigc_bench_ext/images/Real/ood_0016855.jpg,0,aigc_bench_ext,Real
corpora/aigc_bench_ext/images/Real/ood_0016857.jpg,0,aigc_bench_ext,Real
corpora/aigc_bench_ext/images/Real/ood_0016859.jpg,0,aigc_bench_ext,Real
corpora/aigc_bench_ext/images/Real/ood_0016861.jpg,0,aigc_bench_ext,Real
corpora/aigc_bench_ext/images/Real/ood_0016863.jpg,0,aigc_bench_ext,Real
corpora/aigc_bench_ext/images/Real/ood_0016865.jpg,0,aigc_bench_ext,Real
corpora/aigc_bench_ext/images/Real/ood_0016867.jpg,0,aigc_bench_ext,Real
corpora/aigc_bench_ext/images/Real/ood_0016869.jpg,0,aigc_bench_ext,Real
corpora/aigc_bench_ext/images/Real/ood_0016871.jpg,0,aigc_bench_ext,Real
corpora/aigc_bench_ext/images/Real/ood_0016873.jpg,0,aigc_bench_ext,Real
corpora/aigc_bench_ext/images/Real/ood_0016875.jpg,0,aigc_bench_ext,Real
corpora/aigc_bench_ext/images/Real/ood_0016877.jpg,0,aigc_bench_ext,Real
corpora/aigc_bench_ext/images/Real/ood_0016879.jpg,0,aigc_bench_ext,Real
corpora/aigc_bench_ext/images/Real/ood_0016881.jpg,0,aigc_bench_ext,Real
corpora/aigc_bench_ext/images/Real/ood_0016883.jpg,0,aigc_bench_ext,Real
corpora/aigc_bench_ext/images/Real/ood_0016885.jpg,0,aigc_bench_ext,Real
corpora/aigc_bench_ext/images/Real/ood_0016887.jpg,0,aigc_bench_ext,Real
corpora/aigc_bench_ext/images/Real/ood_0016889.jpg,0,aigc_bench_ext,Real
corpora/aigc_bench_ext/images/Real/ood_0016891.jpg,0,aigc_bench_ext,Real
corpora/aigc_bench_ext/images/Real/ood_0016893.jpg,0,aigc_bench_ext,Real
corpora/aigc_bench_ext/images/Real/ood_0016895.jpg,0,aigc_bench_ext,Real
corpora/aigc_bench_ext/images/Real/ood_0016897.jpg,0,aigc_bench_ext,Real
corpora/aigc_bench_ext/images/Real/ood_0016899.jpg,0,aigc_bench_ext,Real
corpora/aigc_bench_ext/images/Real/ood_0016901.jpg,0,aigc_bench_ext,Real
corpora/aigc_bench_ext/images/Real/ood_0016903.jpg,0,aigc_bench_ext,Real
corpora/aigc_bench_ext/images/Real/ood_0016905.jpg,0,aigc_bench_ext,Real
corpora/aigc_bench_ext/images/Real/ood_0016907.jpg,0,aigc_bench_ext,Real
corpora/aigc_bench_ext/images/Real/ood_0016909.jpg,0,aigc_bench_ext,Real
corpora/aigc_bench_ext/images/Real/ood_0016911.jpg,0,aigc_bench_ext,Real
corpora/aigc_bench_ext/images/Real/ood_0016913.jpg,0,aigc_bench_ext,Real
corpora/aigc_bench_ext/images/Real/ood_0016915.jpg,0,aigc_bench_ext,Real
corpora/aigc_bench_ext/images/Real/ood_0016917.jpg,0,aigc_bench_ext,Real
corpora/aigc_bench_ext/images/Real/ood_0016919.jpg,0,aigc_bench_ext,Real
corpora/aigc_bench_ext/images/Real/ood_0016921.jpg,0,aigc_bench_ext,Real
corpora/aigc_bench_ext/images/Real/ood_0016923.jpg,0,aigc_bench_ext,Real
corpora/aigc_bench_ext/images/Real/ood_0016925.jpg,0,aigc_bench_ext,Real
corpora/aigc_bench_ext/images/Real/ood_0016927.jpg,0,aigc_bench_ext,Real
corpora/aigc_bench_ext/images/Real/ood_0016929.jpg,0,aigc_bench_ext,Real
corpora/aigc_bench_ext/images/Real/ood_0016931.jpg,0,aigc_bench_ext,Real
corpora/aigc_bench_ext/images/Real/ood_0016933.jpg,0,aigc_bench_ext,Real
corpora/aigc_bench_ext/images/Real/ood_0016935.jpg,0,aigc_bench_ext,Real
corpora/aigc_bench_ext/images/Real/ood_0016937.jpg,0,aigc_bench_ext,Real
corpora/aigc_bench_ext/images/Real/ood_0016939.jpg,0,aigc_bench_ext,Real
corpora/aigc_bench_ext/images/Real/ood_0016941.jpg,0,aigc_bench_ext,Real
corpora/aigc_bench_ext/images/Real/ood_0016943.jpg,0,aigc_bench_ext,Real
corpora/aigc_bench_ext/images/Real/ood_0016945.jpg,0,aigc_bench_ext,Real
corpora/aigc_bench_ext/images/Real/ood_0016947.jpg,0,aigc_bench_ext,Real
corpora/aigc_bench_ext/images/Real/ood_0016949.jpg,0,aigc_bench_ext,Real
corpora/aigc_bench_ext/images/Real/ood_0016951.jpg,0,aigc_bench_ext,Real
corpora/aigc_bench_ext/images/Real/ood_0016953.jpg,0,aigc_bench_ext,Real
corpora/aigc_bench_ext/images/Real/ood_0016955.jpg,0,aigc_bench_ext,Real
corpora/aigc_bench_ext/images/Real/ood_0016957.jpg,0,aigc_bench_ext,Real
corpora/aigc_bench_ext/images/Real/ood_0016959.jpg,0,aigc_bench_ext,Real
corpora/aigc_bench_ext/images/Real/ood_0016961.jpg,0,aigc_bench_ext,Real
corpora/aigc_bench_ext/images/Real/ood_0016963.jpg,0,aigc_bench_ext,Real
corpora/aigc_bench_ext/images/Real/ood_0016965.jpg,0,aigc_bench_ext,Real
corpora/aigc_bench_ext/images/Real/ood_0016967.jpg,0,aigc_bench_ext,Real
corpora/aigc_bench_ext/images/Real/ood_0016969.jpg,0,aigc_bench_ext,Real
corpora/aigc_bench_ext/images/Real/ood_0016971.jpg,0,aigc_bench_ext,Real
corpora/aigc_bench_ext/images/Real/ood_0016973.jpg,0,aigc_bench_ext,Real
corpora/aigc_bench_ext/images/Real/ood_0016975.jpg,0,aigc_bench_ext,Real
corpora/aigc_bench_ext/images/Real/ood_0016977.jpg,0,aigc_bench_ext,Real
corpora/aigc_bench_ext/images/Real/ood_0016979.jpg,0,aigc_bench_ext,Real
corpora/aigc_bench_ext/images/Real/ood_0016981.jpg,0,aigc_bench_ext,Real
corpora/aigc_bench_ext/images/Real/ood_0016983.jpg,0,aigc_bench_ext,Real
corpora/aigc_bench_ext/images/Real/ood_0016985.jpg,0,aigc_bench_ext,Real
corpora/aigc_bench_ext/images/Real/ood_0016987.jpg,0,aigc_bench_ext,Real
corpora/aigc_bench_ext/images/Real/ood_0016989.jpg,0,aigc_bench_ext,Real
corpora/aigc_bench_ext/images/Real/ood_0016991.jpg,0,aigc_bench_ext,Real
corpora/aigc_bench_ext/images/Real/ood_0016993.jpg,0,aigc_bench_ext,Real
corpora/aigc_bench_ext/images/Real/ood_0016995.jpg,0,aigc_bench_ext,Real
corpora/aigc_bench_ext/images/Real/ood_0016997.jpg,0,aigc_bench_ext,Real
corpora/aigc_bench_ext/images/Real/ood_0016999.jpg,0,aigc_bench_ext,Real
corpora/aigc_bench_ext/images/Real/ood_0017001.jpg,0,aigc_bench_ext,Real
corpora/aigc_bench_ext/images/Real/ood_0017003.jpg,0,aigc_bench_ext,Real
corpora/aigc_bench_ext/images/Real/ood_0017005.jpg,0,aigc_bench_ext,Real
corpora/aigc_bench_ext/images/Real/ood_0017007.jpg,0,aigc_bench_ext,Real
corpora/aigc_bench_ext/images/Real/ood_0017009.jpg,0,aigc_bench_ext,Real
corpora/aigc_bench_ext/images/Real/ood_0017011.jpg,0,aigc_bench_ext,Real
corpora/aigc_bench_ext/images/Real/ood_0017013.jpg,0,aigc_bench_ext,Real
corpora/aigc_bench_ext/images/Real/ood_0017015.jpg,0,aigc_bench_ext,Real
corpora/aigc_bench_ext/images/Real/ood_0017017.jpg,0,aigc_bench_ext,Real
corpora/aigc_bench_ext/images/Real/ood_0017019.jpg,0,aigc_bench_ext,Real
corpora/aigc_bench_ext/images/Real/ood_0017021.jpg,0,aigc_bench_ext,Real
corpora/aigc_bench_ext/images/Real/ood_0017023.jpg,0,aigc_bench_ext,Real
corpora/aigc_bench_ext/images/Real/ood_0017025.jpg,0,aigc_bench_ext,Real
corpora/aigc_bench_ext/images/Real/ood_0017027.jpg,0,aigc_bench_ext,Real
corpora/aigc_bench_ext/images/Real/ood_0017029.jpg,0,aigc_bench_ext,Real
corpora/aigc_bench_ext/images/Real/ood_0017031.jpg,0,aigc_bench_ext,Real
corpora/aigc_bench_ext/images/Real/ood_0017033.jpg,0,aigc_bench_ext,Real
corpora/aigc_bench_ext/images/Real/ood_0017035.jpg,0,aigc_bench_ext,Real
corpora/aigc_bench_ext/images/Real/ood_0017037.jpg,0,aigc_bench_ext,Real
corpora/aigc_bench_ext/images/Real/ood_0017039.jpg,0,aigc_bench_ext,Real
corpora/aigc_bench_ext/images/Real/ood_0017041.jpg,0,aigc_bench_ext,Real
corpora/aigc_bench_ext/images/Real/ood_0017043.jpg,0,aigc_bench_ext,Real
corpora/aigc_bench_ext/images/Real/ood_0017045.jpg,0,aigc_bench_ext,Real
corpora/aigc_bench_ext/images/Real/ood_0017047.jpg,0,aigc_bench_ext,Real
corpora/aigc_bench_ext/images/Real/ood_0017049.jpg,0,aigc_bench_ext,Real
corpora/aigc_bench_ext/images/Real/ood_0017051.jpg,0,aigc_bench_ext,Real
corpora/aigc_bench_ext/images/Real/ood_0017053.jpg,0,aigc_bench_ext,Real
corpora/aigc_bench_ext/images/Real/ood_0017055.jpg,0,aigc_bench_ext,Real
corpora/aigc_bench_ext/images/Real/ood_0017057.jpg,0,aigc_bench_ext,Real
corpora/aigc_bench_ext/images/Real/ood_0017059.jpg,0,aigc_bench_ext,Real
corpora/aigc_bench_ext/images/Real/ood_0017061.jpg,0,aigc_bench_ext,Real
corpora/aigc_bench_ext/images/Real/ood_0017063.jpg,0,aigc_bench_ext,Real
corpora/aigc_bench_ext/images/Real/ood_0017065.jpg,0,aigc_bench_ext,Real
corpora/aigc_bench_ext/images/Real/ood_0017067.jpg,0,aigc_bench_ext,Real
corpora/aigc_bench_ext/images/Real/ood_0017069.jpg,0,aigc_bench_ext,Real
corpora/aigc_bench_ext/images/Real/ood_0017071.jpg,0,aigc_bench_ext,Real
corpora/aigc_bench_ext/images/Real/ood_0017073.jpg,0,aigc_bench_ext,Real
corpora/aigc_bench_ext/images/Real/ood_0017075.jpg,0,aigc_bench_ext,Real
corpora/aigc_bench_ext/images/Real/ood_0017077.jpg,0,aigc_bench_ext,Real
corpora/aigc_bench_ext/images/Real/ood_0017079.jpg,0,aigc_bench_ext,Real
corpora/aigc_bench_ext/images/Real/ood_0017081.jpg,0,aigc_bench_ext,Real
corpora/aigc_bench_ext/images/Real/ood_0017083.jpg,0,aigc_bench_ext,Real
corpora/aigc_bench_ext/images/Real/ood_0017085.jpg,0,aigc_bench_ext,Real
corpora/aigc_bench_ext/images/Real/ood_0017087.jpg,0,aigc_bench_ext,Real
corpora/aigc_bench_ext/images/Real/ood_0017089.jpg,0,aigc_bench_ext,Real
corpora/aigc_bench_ext/images/Real/ood_0017091.jpg,0,aigc_bench_ext,Real
corpora/aigc_bench_ext/images/Real/ood_0017093.jpg,0,aigc_bench_ext,Real
corpora/aigc_bench_ext/images/Real/ood_0017095.jpg,0,aigc_bench_ext,Real
corpora/aigc_bench_ext/images/Real/ood_0017097.jpg,0,aigc_bench_ext,Real
corpora/aigc_bench_ext/images/Real/ood_0017099.jpg,0,aigc_bench_ext,Real
corpora/aigc_bench_ext/images/Real/ood_0017101.jpg,0,aigc_bench_ext,Real
corpora/aigc_bench_ext/images/Real/ood_0017103.jpg,0,aigc_bench_ext,Real
corpora/aigc_bench_ext/images/Real/ood_0017105.jpg,0,aigc_bench_ext,Real
corpora/aigc_bench_ext/images/Real/ood_0017107.jpg,0,aigc_bench_ext,Real
corpora/aigc_bench_ext/images/Real/ood_0017109.jpg,0,aigc_bench_ext,Real
corpora/aigc_bench_ext/images/Real/ood_0017111.jpg,0,aigc_bench_ext,Real
corpora/aigc_bench_ext/images/Real/ood_0017113.jpg,0,aigc_bench_ext,Real
corpora/aigc_bench_ext/images/Real/ood_0017115.jpg,0,aigc_bench_ext,Real
corpora/aigc_bench_ext/images/Real/ood_0017117.jpg,0,aigc_bench_ext,Real
corpora/aigc_bench_ext/images/Real/ood_0017119.jpg,0,aigc_bench_ext,Real
corpora/aigc_bench_ext/images/Real/ood_0017121.jpg,0,aigc_bench_ext,Real
corpora/aigc_bench_ext/images/Real/ood_0017123.jpg,0,aigc_bench_ext,Real
corpora/aigc_bench_ext/images/Real/ood_0017125.jpg,0,aigc_bench_ext,Real
corpora/aigc_bench_ext/images/Real/ood_0017127.jpg,0,aigc_bench_ext,Real
corpora/aigc_bench_ext/images/Real/ood_0017129.jpg,0,aigc_bench_ext,Real
corpora/aigc_bench_ext/images/Real/ood_0017131.jpg,0,aigc_bench_ext,Real
corpora/aigc_bench_ext/images/Real/ood_0017133.jpg,0,aigc_bench_ext,Real
corpora/aigc_bench_ext/images/Real/ood_0017135.jpg,0,aigc_bench_ext,Real
corpora/aigc_bench_ext/images/Real/ood_0017137.jpg,0,aigc_bench_ext,Real
corpora/aigc_bench_ext/images/Real/ood_0017139.jpg,0,aigc_bench_ext,Real
corpora/aigc_bench_ext/images/Real/ood_0017141.jpg,0,aigc_bench_ext,Real
corpora/aigc_bench_ext/images/Real/ood_0017143.jpg,0,aigc_bench_ext,Real
corpora/aigc_bench_ext/images/Real/ood_0017145.jpg,0,aigc_bench_ext,Real
corpora/aigc_bench_ext/images/Real/ood_0017147.jpg,0,aigc_bench_ext,Real
corpora/aigc_bench_ext/images/Real/ood_0017149.jpg,0,aigc_bench_ext,Real
corpora/aigc_bench_ext/images/Real/ood_0017151.jpg,0,aigc_bench_ext,Real
corpora/aigc_bench_ext/images/Real/ood_0017153.jpg,0,aigc_bench_ext,Real
corpora/aigc_bench_ext/images/Real/ood_0017155.jpg,0,aigc_bench_ext,Real
corpora/aigc_bench_ext/images/Real/ood_0017157.jpg,0,aigc_bench_ext,Real
corpora/aigc_bench_ext/images/Real/ood_0017159.jpg,0,aigc_bench_ext,Real
corpora/aigc_bench_ext/images/Real/ood_0017161.jpg,0,aigc_bench_ext,Real
corpora/aigc_bench_ext/images/Real/ood_0017163.jpg,0,aigc_bench_ext,Real
corpora/aigc_bench_ext/images/Real/ood_0017165.jpg,0,aigc_bench_ext,Real
corpora/aigc_bench_ext/images/Real/ood_0017167.jpg,0,aigc_bench_ext,Real
corpora/aigc_bench_ext/images/Real/ood_0017169.jpg,0,aigc_bench_ext,Real
corpora/aigc_bench_ext/images/Real/ood_0017171.jpg,0,aigc_bench_ext,Real
corpora/aigc_bench_ext/images/Real/ood_0017173.jpg,0,aigc_bench_ext,Real
corpora/aigc_bench_ext/images/Real/ood_0017175.jpg,0,aigc_bench_ext,Real
corpora/aigc_bench_ext/images/Real/ood_0017177.jpg,0,aigc_bench_ext,Real
corpora/aigc_bench_ext/images/Real/ood_0017179.jpg,0,aigc_bench_ext,Real
corpora/aigc_bench_ext/images/Real/ood_0017181.jpg,0,aigc_bench_ext,Real
corpora/aigc_bench_ext/images/Real/ood_0017183.jpg,0,aigc_bench_ext,Real
corpora/aigc_bench_ext/images/Real/ood_0017185.jpg,0,aigc_bench_ext,Real
corpora/aigc_bench_ext/images/Real/ood_0017187.jpg,0,aigc_bench_ext,Real
corpora/aigc_bench_ext/images/Real/ood_0017189.jpg,0,aigc_bench_ext,Real
corpora/aigc_bench_ext/images/Real/ood_0017191.jpg,0,aigc_bench_ext,Real
corpora/aigc_bench_ext/images/Real/ood_0017193.jpg,0,aigc_bench_ext,Real
corpora/aigc_bench_ext/images/Real/ood_0017195.jpg,0,aigc_bench_ext,Real
corpora/aigc_bench_ext/images/Real/ood_0017197.jpg,0,aigc_bench_ext,Real
corpora/aigc_bench_ext/images/Real/ood_0017199.jpg,0,aigc_bench_ext,Real
corpora/aigc_bench_ext/images/Real/ood_0017201.jpg,0,aigc_bench_ext,Real
corpora/aigc_bench_ext/images/Real/ood_0017203.jpg,0,aigc_bench_ext,Real
corpora/aigc_bench_ext/images/Real/ood_0017205.jpg,0,aigc_bench_ext,Real
corpora/aigc_bench_ext/images/Real/ood_0017207.jpg,0,aigc_bench_ext,Real
corpora/aigc_bench_ext/images/Real/ood_0017209.jpg,0,aigc_bench_ext,Real
corpora/aigc_bench_ext/images/Real/ood_0017211.jpg,0,aigc_bench_ext,Real
corpora/aigc_bench_ext/images/Real/ood_0017213.jpg,0,aigc_bench_ext,Real
corpora/aigc_bench_ext/images/Real/ood_0017215.jpg,0,aigc_bench_ext,Real
corpora/aigc_bench_ext/images/Real/ood_0017217.jpg,0,aigc_bench_ext,Real
corpora/aigc_bench_ext/images/Real/ood_0017219.jpg,0,aigc_bench_ext,Real
corpora/aigc_bench_ext/images/Real/ood_0017221.jpg,0,aigc_bench_ext,Real
corpora/aigc_bench_ext/images/Real/ood_0017223.jpg,0,aigc_bench_ext,Real
corpora/aigc_bench_ext/images/Real/ood_0017225.jpg,0,aigc_bench_ext,Real
corpora/aigc_bench_ext/images/Real/ood_0017227.jpg,0,aigc_bench_ext,Real
corpora/aigc_bench_ext/images/Real/ood_0017229.jpg,0,aigc_bench_ext,Real
corpora/aigc_bench_ext/images/Real/ood_0017231.jpg,0,aigc_bench_ext,Real
corpora/aigc_bench_ext/images/Real/ood_0017233.jpg,0,aigc_bench_ext,Real
corpora/aigc_bench_ext/images/Real/ood_0017235.jpg,0,aigc_bench_ext,Real
corpora/aigc_bench_ext/images/Real/ood_0017237.jpg,0,aigc_bench_ext,Real
corpora/aigc_bench_ext/images/Real/ood_0017239.jpg,0,aigc_bench_ext,Real
corpora/aigc_bench_ext/images/Real/ood_0017241.jpg,0,aigc_bench_ext,Real
corpora/aigc_bench_ext/images/Real/ood_0017243.jpg,0,aigc_bench_ext,Real
corpora/aigc_bench_ext/images/Real/ood_0017245.jpg,0,aigc_bench_ext,Real
corpora/aigc_bench_ext/images/Real/ood_0017247.jpg,0,aigc_bench_ext,Real
corpora/aigc_bench_ext/images/Real/ood_0017249.jpg,0,aigc_bench_ext,Real
corpora/aigc_bench_ext/images/Real/ood_0017251.jpg,0,aigc_bench_ext,Real
corpora/aigc_bench_ext/images/Real/ood_0017253.jpg,0,aigc_bench_ext,Real
corpora/aigc_bench_ext/images/Real/ood_0017255.jpg,0,aigc_bench_ext,Real
corpora/aigc_bench_ext/images/Real/ood_0017257.jpg,0,aigc_bench_ext,Real
corpora/aigc_bench_ext/images/Real/ood_0017259.jpg,0,aigc_bench_ext,Real
corpora/aigc_bench_ext/images/Real/ood_0017261.jpg,0,aigc_bench_ext,Real
corpora/aigc_bench_ext/images/Real/ood_0017263.jpg,0,aigc_bench_ext,Real
corpora/aigc_bench_ext/images/Real/ood_0017265.jpg,0,aigc_bench_ext,Real
corpora/aigc_bench_ext/images/Real/ood_0017267.jpg,0,aigc_bench_ext,Real
corpora/aigc_bench_ext/images/Real/ood_0017269.jpg,0,aigc_bench_ext,Real
corpora/aigc_bench_ext/images/Real/ood_0017271.jpg,0,aigc_bench_ext,Real
corpora/aigc_bench_ext/images/Real/ood_0017273.jpg,0,aigc_bench_ext,Real
corpora/aigc_bench_ext/images/Real/ood_0017275.jpg,0,aigc_bench_ext,Real
corpora/aigc_bench_ext/images/Real/ood_0017277.jpg,0,aigc_bench_ext,Real
corpora/aigc_bench_ext/images/Real/ood_0017279.jpg,0,aigc_bench_ext,Real
corpora/aigc_bench_ext/images/Real/ood_0017281.jpg,0,aigc_bench_ext,Real
corpora/aigc_bench_ext/images/Real/ood_0017283.jpg,0,aigc_bench_ext,Real
corpora/aigc_bench_ext/images/Real/ood_0017285.jpg,0,aigc_bench_ext,Real
corpora/aigc_bench_ext/images/Real/ood_0017287.jpg,0,aigc_bench_ext,Real
corpora/aigc_bench_ext/images/Real/ood_0017289.jpg,0,aigc_bench_ext,Real
corpora/aigc_bench_ext/images/Real/ood_0017291.jpg,0,aigc_bench_ext,Real
corpora/aigc_bench_ext/images/Real/ood_0017293.jpg,0,aigc_bench_ext,Real
corpora/aigc_bench_ext/images/Real/ood_0017295.jpg,0,aigc_bench_ext,Real
corpora/aigc_bench_ext/images/Real/ood_0017297.jpg,0,aigc_bench_ext,Real
corpora/aigc_bench_ext/images/Real/ood_0017299.jpg,0,aigc_bench_ext,Real
corpora/aigc_bench_ext/images/Real/ood_0017301.jpg,0,aigc_bench_ext,Real
corpora/aigc_bench_ext/images/Real/ood_0017303.jpg,0,aigc_bench_ext,Real
corpora/aigc_bench_ext/images/Real/ood_0017305.jpg,0,aigc_bench_ext,Real
corpora/aigc_bench_ext/images/Real/ood_0017307.jpg,0,aigc_bench_ext,Real
corpora/aigc_bench_ext/images/Real/ood_0017309.jpg,0,aigc_bench_ext,Real
corpora/aigc_bench_ext/images/Real/ood_0017311.jpg,0,aigc_bench_ext,Real
corpora/aigc_bench_ext/images/Real/ood_0017313.jpg,0,aigc_bench_ext,Real
corpora/aigc_bench_ext/images/Real/ood_0017315.jpg,0,aigc_bench_ext,Real
corpora/aigc_bench_ext/images/Real/ood_0017317.jpg,0,aigc_bench_ext,Real
corpora/aigc_bench_ext/images/Real/ood_0017319.jpg,0,aigc_bench_ext,Real
corpora/aigc_bench_ext/images/Real/ood_0017321.jpg,0,aigc_bench_ext,Real
corpora/aigc_bench_ext/images/Real/ood_0017323.jpg,0,aigc_bench_ext,Real
corpora/aigc_bench_ext/images/Real/ood_0017325.jpg,0,aigc_bench_ext,Real
corpora/aigc_bench_ext/images/Real/ood_0017327.jpg,0,aigc_bench_ext,Real
corpora/aigc_bench_ext/images/Real/ood_0017329.jpg,0,aigc_bench_ext,Real
corpora/aigc_bench_ext/images/Real/ood_0017331.jpg,0,aigc_bench_ext,Real
corpora/aigc_bench_ext/images/Real/ood_0017333.jpg,0,aigc_bench_ext,Real
corpora/aigc_bench_ext/images/Real/ood_0017335.jpg,0,aigc_bench_ext,Real
corpora/aigc_bench_ext/images/Real/ood_0017337.jpg,0,aigc_bench_ext,Real
corpora/aigc_bench_ext/images/Real/ood_0017339.jpg,0,aigc_bench_ext,Real
corpora/aigc_bench_ext/images/Real/ood_0017341.jpg,0,aigc_bench_ext,Real
corpora/aigc_bench_ext/images/Real/ood_0017343.jpg,0,aigc_bench_ext,Real
corpora/aigc_bench_ext/images/Real/ood_0017345.jpg,0,aigc_bench_ext,Real
corpora/aigc_bench_ext/images/Real/ood_0017347.jpg,0,aigc_bench_ext,Real
corpora/aigc_bench_ext/images/Real/ood_0017349.jpg,0,aigc_bench_ext,Real
corpora/aigc_bench_ext/images/Real/ood_0017351.jpg,0,aigc_bench_ext,Real
corpora/aigc_bench_ext/images/Real/ood_0017353.jpg,0,aigc_bench_ext,Real
corpora/aigc_bench_ext/images/Real/ood_0017355.jpg,0,aigc_bench_ext,Real
corpora/aigc_bench_ext/images/Real/ood_0017357.jpg,0,aigc_bench_ext,Real
corpora/aigc_bench_ext/images/Real/ood_0017359.jpg,0,aigc_bench_ext,Real
corpora/aigc_bench_ext/images/Real/ood_0017361.jpg,0,aigc_bench_ext,Real
corpora/aigc_bench_ext/images/Real/ood_0017363.jpg,0,aigc_bench_ext,Real
corpora/aigc_bench_ext/images/Real/ood_0017365.jpg,0,aigc_bench_ext,Real
corpora/aigc_bench_ext/images/Real/ood_0017367.jpg,0,aigc_bench_ext,Real
corpora/aigc_bench_ext/images/Real/ood_0017369.jpg,0,aigc_bench_ext,Real
corpora/aigc_bench_ext/images/Real/ood_0017371.jpg,0,aigc_bench_ext,Real
corpora/aigc_bench_ext/images/Real/ood_0017373.jpg,0,aigc_bench_ext,Real
corpora/aigc_bench_ext/images/Real/ood_0017375.jpg,0,aigc_bench_ext,Real
corpora/aigc_bench_ext/images/Real/ood_0017377.jpg,0,aigc_bench_ext,Real
corpora/aigc_bench_ext/images/Real/ood_0017379.jpg,0,aigc_bench_ext,Real
corpora/aigc_bench_ext/images/Real/ood_0017381.jpg,0,aigc_bench_ext,Real
corpora/aigc_bench_ext/images/Real/ood_0017383.jpg,0,aigc_bench_ext,Real
corpora/aigc_bench_ext/images/Real/ood_0017385.jpg,0,aigc_bench_ext,Real
corpora/aigc_bench_ext/images/Real/ood_0017387.jpg,0,aigc_bench_ext,Real
corpora/aigc_bench_ext/images/Real/ood_0017389.jpg,0,aigc_bench_ext,Real
corpora/aigc_bench_ext/images/Real/ood_0017391.jpg,0,aigc_bench_ext,Real
corpora/aigc_bench_ext/images/Real/ood_0017393.jpg,0,aigc_bench_ext,Real
corpora/aigc_bench_ext/images/Real/ood_0017395.jpg,0,aigc_bench_ext,Real
corpora/aigc_bench_ext/images/Real/ood_0017397.jpg,0,aigc_bench_ext,Real
corpora/aigc_bench_ext/images/Real/ood_0017399.jpg,0,aigc_bench_ext,Real
corpora/aigc_bench_ext/images/Real/ood_0017401.jpg,0,aigc_bench_ext,Real
corpora/aigc_bench_ext/images/Real/ood_0017403.jpg,0,aigc_bench_ext,Real
corpora/aigc_bench_ext/images/Real/ood_0017405.jpg,0,aigc_bench_ext,Real
corpora/aigc_bench_ext/images/Real/ood_0017407.jpg,0,aigc_bench_ext,Real
corpora/aigc_bench_ext/images/Real/ood_0017409.jpg,0,aigc_bench_ext,Real
corpora/aigc_bench_ext/images/Real/ood_0017411.jpg,0,aigc_bench_ext,Real
corpora/aigc_bench_ext/images/Real/ood_0017413.jpg,0,aigc_bench_ext,Real
corpora/aigc_bench_ext/images/Real/ood_0017415.jpg,0,aigc_bench_ext,Real
corpora/aigc_bench_ext/images/Real/ood_0017417.jpg,0,aigc_bench_ext,Real
corpora/aigc_bench_ext/images/Real/ood_0017419.jpg,0,aigc_bench_ext,Real
corpora/aigc_bench_ext/images/Real/ood_0017421.jpg,0,aigc_bench_ext,Real
corpora/aigc_bench_ext/images/Real/ood_0017423.jpg,0,aigc_bench_ext,Real
corpora/aigc_bench_ext/images/Real/ood_0017425.jpg,0,aigc_bench_ext,Real
corpora/aigc_bench_ext/images/Real/ood_0017427.jpg,0,aigc_bench_ext,Real
corpora/aigc_bench_ext/images/Real/ood_0017429.jpg,0,aigc_bench_ext,Real
corpora/aigc_bench_ext/images/Real/ood_0017431.jpg,0,aigc_bench_ext,Real
corpora/aigc_bench_ext/images/Real/ood_0017433.jpg,0,aigc_bench_ext,Real
corpora/aigc_bench_ext/images/Real/ood_0017435.jpg,0,aigc_bench_ext,Real
corpora/aigc_bench_ext/images/Real/ood_0017437.jpg,0,aigc_bench_ext,Real
corpora/aigc_bench_ext/images/Real/ood_0017439.jpg,0,aigc_bench_ext,Real
corpora/aigc_bench_ext/images/Real/ood_0017441.jpg,0,aigc_bench_ext,Real
corpora/aigc_bench_ext/images/Real/ood_0017443.jpg,0,aigc_bench_ext,Real
corpora/aigc_bench_ext/images/Real/ood_0017445.jpg,0,aigc_bench_ext,Real
corpora/aigc_bench_ext/images/Real/ood_0017447.jpg,0,aigc_bench_ext,Real
corpora/aigc_bench_ext/images/Real/ood_0017449.jpg,0,aigc_bench_ext,Real
corpora/aigc_bench_ext/images/Real/ood_0017451.jpg,0,aigc_bench_ext,Real
corpora/aigc_bench_ext/images/Real/ood_0017453.jpg,0,aigc_bench_ext,Real
corpora/aigc_bench_ext/images/Real/ood_0017455.jpg,0,aigc_bench_ext,Real
corpora/aigc_bench_ext/images/Real/ood_0017457.jpg,0,aigc_bench_ext,Real
corpora/aigc_bench_ext/images/Real/ood_0017459.jpg,0,aigc_bench_ext,Real
corpora/aigc_bench_ext/images/Real/ood_0017461.jpg,0,aigc_bench_ext,Real
corpora/aigc_bench_ext/images/Real/ood_0017463.jpg,0,aigc_bench_ext,Real
corpora/aigc_bench_ext/images/Real/ood_0017465.jpg,0,aigc_bench_ext,Real
corpora/aigc_bench_ext/images/Real/ood_0017467.jpg,0,aigc_bench_ext,Real
corpora/aigc_bench_ext/images/Real/ood_0017469.jpg,0,aigc_bench_ext,Real
corpora/aigc_bench_ext/images/Real/ood_0017471.jpg,0,aigc_bench_ext,Real
corpora/aigc_bench_ext/images/Real/ood_0017473.jpg,0,aigc_bench_ext,Real
corpora/aigc_bench_ext/images/Real/ood_0017475.jpg,0,aigc_bench_ext,Real
corpora/aigc_bench_ext/images/Real/ood_0017477.jpg,0,aigc_bench_ext,Real
corpora/aigc_bench_ext/images/Real/ood_0017479.jpg,0,aigc_bench_ext,Real
corpora/aigc_bench_ext/images/Real/ood_0017481.jpg,0,aigc_bench_ext,Real
corpora/aigc_bench_ext/images/Real/ood_0017483.jpg,0,aigc_bench_ext,Real
corpora/aigc_bench_ext/images/Real/ood_0017485.jpg,0,aigc_bench_ext,Real
corpora/aigc_bench_ext/images/Real/ood_0017487.jpg,0,aigc_bench_ext,Real
corpora/aigc_bench_ext/images/Real/ood_0017489.jpg,0,aigc_bench_ext,Real
corpora/aigc_bench_ext/images/Real/ood_0017491.jpg,0,aigc_bench_ext,Real
corpora/aigc_bench_ext/images/Real/ood_0017493.jpg,0,aigc_bench_ext,Real
corpora/aigc_bench_ext/images/Real/ood_0017495.jpg,0,aigc_bench_ext,Real
corpora/aigc_bench_ext/images/Real/ood_0017497.jpg,0,aigc_bench_ext,Real
corpora/aigc_bench_ext/images/Real/ood_0017499.jpg,0,aigc_bench_ext,Real
corpora/aigc_bench_ext/images/Real/ood_0017501.jpg,0,aigc_bench_ext,Real
corpora/aigc_bench_ext/images/Real/ood_0017503.jpg,0,aigc_bench_ext,Real
corpora/aigc_bench_ext/images/Real/ood_0017505.jpg,0,aigc_bench_ext,Real
corpora/aigc_bench_ext/images/Real/ood_0017507.jpg,0,aigc_bench_ext,Real
corpora/aigc_bench_ext/images/Real/ood_0017509.jpg,0,aigc_bench_ext,Real
corpora/aigc_bench_ext/images/Real/ood_0017511.jpg,0,aigc_bench_ext,Real
corpora/aigc_bench_ext/images/Real/ood_0017513.jpg,0,aigc_bench_ext,Real
corpora/aigc_bench_ext/images/Real/ood_0017515.jpg,0,aigc_bench_ext,Real
corpora/aigc_bench_ext/images/Real/ood_0017517.jpg,0,aigc_bench_ext,Real
corpora/aigc_bench_ext/images/Real/ood_0017519.jpg,0,aigc_bench_ext,Real
corpora/aigc_bench_ext/images/Real/ood_0017521.jpg,0,aigc_bench_ext,Real
corpora/aigc_bench_ext/images/Real/ood_0017523.jpg,0,aigc_bench_ext,Real
corpora/aigc_bench_ext/images/Real/ood_0017525.jpg,0,aigc_bench_ext,Real
corpora/aigc_bench_ext/images/Real/ood_0017527.jpg,0,aigc_bench_ext,Real
corpora/aigc_bench_ext/images/Real/ood_0017529.jpg,0,aigc_bench_ext,Real
corpora/aigc_bench_ext/images/Real/ood_0017531.jpg,0,aigc_bench_ext,Real
corpora/aigc_bench_ext/images/Real/ood_0017533.jpg,0,aigc_bench_ext,Real
corpora/aigc_bench_ext/images/Real/ood_0017535.jpg,0,aigc_bench_ext,Real
corpora/aigc_bench_ext/images/Real/ood_0017537.jpg,0,aigc_bench_ext,Real
corpora/aigc_bench_ext/images/Real/ood_0017539.jpg,0,aigc_bench_ext,Real
corpora/aigc_bench_ext/images/Real/ood_0017541.jpg,0,aigc_bench_ext,Real
corpora/aigc_bench_ext/images/Real/ood_0017543.jpg,0,aigc_bench_ext,Real
corpora/aigc_bench_ext/images/Real/ood_0017545.jpg,0,aigc_bench_ext,Real
corpora/aigc_bench_ext/images/Real/ood_0017547.jpg,0,aigc_bench_ext,Real
corpora/aigc_bench_ext/images/Real/ood_0017549.jpg,0,aigc_bench_ext,Real
corpora/aigc_bench_ext/images/Real/ood_0017551.jpg,0,aigc_bench_ext,Real
corpora/aigc_bench_ext/images/Real/ood_0017553.jpg,0,aigc_bench_ext,Real
corpora/aigc_bench_ext/images/Real/ood_0017555.jpg,0,aigc_bench_ext,Real
corpora/aigc_bench_ext/images/Real/ood_0017557.jpg,0,aigc_bench_ext,Real
corpora/aigc_bench_ext/images/Real/ood_0017559.jpg,0,aigc_bench_ext,Real
corpora/aigc_bench_ext/images/Real/ood_0017561.jpg,0,aigc_bench_ext,Real
corpora/aigc_bench_ext/images/Real/ood_0017563.jpg,0,aigc_bench_ext,Real
corpora/aigc_bench_ext/images/Real/ood_0017565.jpg,0,aigc_bench_ext,Real
corpora/aigc_bench_ext/images/Real/ood_0017567.jpg,0,aigc_bench_ext,Real
corpora/aigc_bench_ext/images/Real/ood_0017569.jpg,0,aigc_bench_ext,Real
corpora/aigc_bench_ext/images/Real/ood_0017571.jpg,0,aigc_bench_ext,Real
corpora/aigc_bench_ext/images/Real/ood_0017573.jpg,0,aigc_bench_ext,Real
corpora/aigc_bench_ext/images/Real/ood_0017575.jpg,0,aigc_bench_ext,Real
corpora/aigc_bench_ext/images/Real/ood_0017577.jpg,0,aigc_bench_ext,Real
corpora/aigc_bench_ext/images/Real/ood_0017579.jpg,0,aigc_bench_ext,Real
corpora/aigc_bench_ext/images/Real/ood_0017581.jpg,0,aigc_bench_ext,Real
corpora/aigc_bench_ext/images/Real/ood_0017583.jpg,0,aigc_bench_ext,Real
corpora/aigc_bench_ext/images/Real/ood_0017585.jpg,0,aigc_bench_ext,Real
corpora/aigc_bench_ext/images/Real/ood_0017587.jpg,0,aigc_bench_ext,Real
corpora/aigc_bench_ext/images/Real/ood_0017589.jpg,0,aigc_bench_ext,Real
corpora/aigc_bench_ext/images/Real/ood_0017591.jpg,0,aigc_bench_ext,Real
corpora/aigc_bench_ext/images/Real/ood_0017593.jpg,0,aigc_bench_ext,Real
corpora/aigc_bench_ext/images/Real/ood_0017595.jpg,0,aigc_bench_ext,Real
corpora/aigc_bench_ext/images/Real/ood_0017597.jpg,0,aigc_bench_ext,Real
corpora/aigc_bench_ext/images/Real/ood_0017599.jpg,0,aigc_bench_ext,Real
corpora/aigc_bench_ext/images/Real/ood_0017601.jpg,0,aigc_bench_ext,Real
corpora/aigc_bench_ext/images/Real/ood_0017603.jpg,0,aigc_bench_ext,Real
corpora/aigc_bench_ext/images/Real/ood_0017605.jpg,0,aigc_bench_ext,Real
corpora/aigc_bench_ext/images/Real/ood_0017607.jpg,0,aigc_bench_ext,Real
corpora/aigc_bench_ext/images/Real/ood_0017609.jpg,0,aigc_bench_ext,Real
corpora/aigc_bench_ext/images/Real/ood_0017611.jpg,0,aigc_bench_ext,Real
corpora/aigc_bench_ext/images/Real/ood_0017613.jpg,0,aigc_bench_ext,Real
corpora/aigc_bench_ext/images/Real/ood_0017615.jpg,0,aigc_bench_ext,Real
corpora/aigc_bench_ext/images/Real/ood_0017617.jpg,0,aigc_bench_ext,Real
corpora/aigc_bench_ext/images/Real/ood_0017619.jpg,0,aigc_bench_ext,Real
corpora/aigc_bench_ext/images/Real/ood_0017621.jpg,0,aigc_bench_ext,Real
corpora/aigc_bench_ext/images/Real/ood_0017623.jpg,0,aigc_bench_ext,Real
corpora/aigc_bench_ext/images/Real/ood_0017625.jpg,0,aigc_bench_ext,Real
corpora/aigc_bench_ext/images/Real/ood_0017627.jpg,0,aigc_bench_ext,Real
corpora/aigc_bench_ext/images/Real/ood_0017629.jpg,0,aigc_bench_ext,Real
corpora/aigc_bench_ext/images/Real/ood_0017631.jpg,0,aigc_bench_ext,Real
corpora/aigc_bench_ext/images/Real/ood_0017633.jpg,0,aigc_bench_ext,Real
corpora/aigc_bench_ext/images/Real/ood_0017635.jpg,0,aigc_bench_ext,Real
corpora/aigc_bench_ext/images/Real/ood_0017637.jpg,0,aigc_bench_ext,Real
corpora/aigc_bench_ext/images/Real/ood_0017639.jpg,0,aigc_bench_ext,Real
corpora/aigc_bench_ext/images/Real/ood_0017641.jpg,0,aigc_bench_ext,Real
corpora/aigc_bench_ext/images/Real/ood_0017643.jpg,0,aigc_bench_ext,Real
corpora/aigc_bench_ext/images/Real/ood_0017645.jpg,0,aigc_bench_ext,Real
corpora/aigc_bench_ext/images/Real/ood_0017647.jpg,0,aigc_bench_ext,Real
corpora/aigc_bench_ext/images/Real/ood_0017649.jpg,0,aigc_bench_ext,Real
corpora/aigc_bench_ext/images/Real/ood_0017651.jpg,0,aigc_bench_ext,Real
corpora/aigc_bench_ext/images/Real/ood_0017653.jpg,0,aigc_bench_ext,Real
corpora/aigc_bench_ext/images/Real/ood_0017655.jpg,0,aigc_bench_ext,Real
corpora/aigc_bench_ext/images/Real/ood_0017657.jpg,0,aigc_bench_ext,Real
corpora/aigc_bench_ext/images/Real/ood_0017659.jpg,0,aigc_bench_ext,Real
corpora/aigc_bench_ext/images/Real/ood_0017661.jpg,0,aigc_bench_ext,Real
corpora/aigc_bench_ext/images/Real/ood_0017663.jpg,0,aigc_bench_ext,Real
corpora/aigc_bench_ext/images/Real/ood_0017665.jpg,0,aigc_bench_ext,Real
corpora/aigc_bench_ext/images/Real/ood_0017667.jpg,0,aigc_bench_ext,Real
corpora/aigc_bench_ext/images/Real/ood_0017669.jpg,0,aigc_bench_ext,Real
corpora/aigc_bench_ext/images/Real/ood_0017671.jpg,0,aigc_bench_ext,Real
corpora/aigc_bench_ext/images/Real/ood_0017673.jpg,0,aigc_bench_ext,Real
corpora/aigc_bench_ext/images/Real/ood_0017675.jpg,0,aigc_bench_ext,Real
corpora/aigc_bench_ext/images/Real/ood_0017677.jpg,0,aigc_bench_ext,Real
corpora/aigc_bench_ext/images/Real/ood_0017679.jpg,0,aigc_bench_ext,Real
corpora/aigc_bench_ext/images/Real/ood_0017681.jpg,0,aigc_bench_ext,Real
corpora/aigc_bench_ext/images/Real/ood_0017683.jpg,0,aigc_bench_ext,Real
corpora/aigc_bench_ext/images/Real/ood_0017685.jpg,0,aigc_bench_ext,Real
corpora/aigc_bench_ext/images/Real/ood_0017687.jpg,0,aigc_bench_ext,Real
corpora/aigc_bench_ext/images/Real/ood_0017689.jpg,0,aigc_bench_ext,Real
corpora/aigc_bench_ext/images/Real/ood_0017691.jpg,0,aigc_bench_ext,Real
corpora/aigc_bench_ext/images/Real/ood_0017693.jpg,0,aigc_bench_ext,Real
corpora/aigc_bench_ext/images/Real/ood_0017695.jpg,0,aigc_bench_ext,Real
corpora/aigc_bench_ext/images/Real/ood_0017697.jpg,0,aigc_bench_ext,Real
corpora/aigc_bench_ext/images/Real/ood_0017699.jpg,0,aigc_bench_ext,Real
corpora/aigc_bench_ext/images/Real/ood_0017701.jpg,0,aigc_bench_ext,Real
corpora/aigc_bench_ext/images/Real/ood_0017703.jpg,0,aigc_bench_ext,Real
corpora/aigc_bench_ext/images/Real/ood_0017705.jpg,0,aigc_bench_ext,Real
corpora/aigc_bench_ext/images/Real/ood_0017707.jpg,0,aigc_bench_ext,Real
corpora/aigc_bench_ext/images/Real/ood_0017709.jpg,0,aigc_bench_ext,Real
corpora/aigc_bench_ext/images/Real/ood_0017711.jpg,0,aigc_bench_ext,Real
corpora/aigc_bench_ext/images/Real/ood_0017713.jpg,0,aigc_bench_ext,Real
corpora/aigc_bench_ext/images/Real/ood_0017715.jpg,0,aigc_bench_ext,Real
corpora/aigc_bench_ext/images/Real/ood_0017717.jpg,0,aigc_bench_ext,Real
corpora/aigc_bench_ext/images/Real/ood_0017719.jpg,0,aigc_bench_ext,Real
corpora/aigc_bench_ext/images/Real/ood_0017721.jpg,0,aigc_bench_ext,Real
corpora/aigc_bench_ext/images/Real/ood_0017723.jpg,0,aigc_bench_ext,Real
corpora/aigc_bench_ext/images/Real/ood_0017725.jpg,0,aigc_bench_ext,Real
corpora/aigc_bench_ext/images/Real/ood_0017727.jpg,0,aigc_bench_ext,Real
corpora/aigc_bench_ext/images/Real/ood_0017729.jpg,0,aigc_bench_ext,Real
corpora/aigc_bench_ext/images/Real/ood_0017731.jpg,0,aigc_bench_ext,Real
corpora/aigc_bench_ext/images/Real/ood_0017733.jpg,0,aigc_bench_ext,Real
corpora/aigc_bench_ext/images/Real/ood_0017735.jpg,0,aigc_bench_ext,Real
corpora/aigc_bench_ext/images/Real/ood_0017737.jpg,0,aigc_bench_ext,Real
corpora/aigc_bench_ext/images/Real/ood_0017739.jpg,0,aigc_bench_ext,Real
corpora/aigc_bench_ext/images/Real/ood_0017741.jpg,0,aigc_bench_ext,Real
corpora/aigc_bench_ext/images/Real/ood_0017743.jpg,0,aigc_bench_ext,Real
corpora/aigc_bench_ext/images/Real/ood_0017745.jpg,0,aigc_bench_ext,Real
corpora/aigc_bench_ext/images/Real/ood_0017747.jpg,0,aigc_bench_ext,Real
corpora/aigc_bench_ext/images/Real/ood_0017749.jpg,0,aigc_bench_ext,Real
corpora/aigc_bench_ext/images/Real/ood_0017751.jpg,0,aigc_bench_ext,Real
corpora/aigc_bench_ext/images/Real/ood_0017753.jpg,0,aigc_bench_ext,Real
corpora/aigc_bench_ext/images/Real/ood_0017755.jpg,0,aigc_bench_ext,Real
corpora/aigc_bench_ext/images/Real/ood_0017757.jpg,0,aigc_bench_ext,Real
corpora/aigc_bench_ext/images/Real/ood_0017759.jpg,0,aigc_bench_ext,Real
corpora/aigc_bench_ext/images/Real/ood_0017761.jpg,0,aigc_bench_ext,Real
corpora/aigc_bench_ext/images/Real/ood_0017763.jpg,0,aigc_bench_ext,Real
corpora/aigc_bench_ext/images/Real/ood_0017765.jpg,0,aigc_bench_ext,Real
corpora/aigc_bench_ext/images/Real/ood_0017767.jpg,0,aigc_bench_ext,Real
corpora/aigc_bench_ext/images/Real/ood_0017769.jpg,0,aigc_bench_ext,Real
corpora/aigc_bench_ext/images/Real/ood_0017771.jpg,0,aigc_bench_ext,Real
corpora/aigc_bench_ext/images/Real/ood_0017773.jpg,0,aigc_bench_ext,Real
corpora/aigc_bench_ext/images/Real/ood_0017775.jpg,0,aigc_bench_ext,Real
corpora/aigc_bench_ext/images/Real/ood_0017777.jpg,0,aigc_bench_ext,Real
corpora/aigc_bench_ext/images/Real/ood_0017779.jpg,0,aigc_bench_ext,Real
corpora/aigc_bench_ext/images/Real/ood_0017781.jpg,0,aigc_bench_ext,Real
corpora/aigc_bench_ext/images/Real/ood_0017783.jpg,0,aigc_bench_ext,Real
corpora/aigc_bench_ext/images/Real/ood_0017785.jpg,0,aigc_bench_ext,Real
corpora/aigc_bench_ext/images/Real/ood_0017787.jpg,0,aigc_bench_ext,Real
corpora/aigc_bench_ext/images/Real/ood_0017789.jpg,0,aigc_bench_ext,Real
corpora/aigc_bench_ext/images/Real/ood_0017791.jpg,0,aigc_bench_ext,Real
corpora/aigc_bench_ext/images/Real/ood_0017793.jpg,0,aigc_bench_ext,Real
corpora/aigc_bench_ext/images/Real/ood_0017795.jpg,0,aigc_bench_ext,Real
corpora/aigc_bench_ext/images/Real/ood_0017797.jpg,0,aigc_bench_ext,Real
corpora/aigc_bench_ext/images/Real/ood_0017799.jpg,0,aigc_bench_ext,Real
corpora/aigc_bench_ext/images/Real/ood_0017801.jpg,0,aigc_bench_ext,Real
corpora/aigc_bench_ext/images/Real/ood_0017803.jpg,0,aigc_bench_ext,Real
corpora/aigc_bench_ext/images/Real/ood_0017805.jpg,0,aigc_bench_ext,Real
corpora/aigc_bench_ext/images/Real/ood_0017807.jpg,0,aigc_bench_ext,Real
corpora/aigc_bench_ext/images/Real/ood_0017809.jpg,0,aigc_bench_ext,Real
corpora/aigc_bench_ext/images/Real/ood_0017811.jpg,0,aigc_bench_ext,Real
corpora/aigc_bench_ext/images/Real/ood_0017813.jpg,0,aigc_bench_ext,Real
corpora/aigc_bench_ext/images/Real/ood_0017815.jpg,0,aigc_bench_ext,Real
corpora/aigc_bench_ext/images/Real/ood_0017817.jpg,0,aigc_bench_ext,Real
corpora/aigc_bench_ext/images/Real/ood_0017819.jpg,0,aigc_bench_ext,Real
corpora/aigc_bench_ext/images/Real/ood_0017821.jpg,0,aigc_bench_ext,Real
corpora/aigc_bench_ext/images/Real/ood_0017823.jpg,0,aigc_bench_ext,Real
corpora/aigc_bench_ext/images/Real/ood_0017825.jpg,0,aigc_bench_ext,Real
corpora/aigc_bench_ext/images/Real/ood_0017827.jpg,0,aigc_bench_ext,Real
corpora/aigc_bench_ext/images/Real/ood_0017829.jpg,0,aigc_bench_ext,Real
corpora/aigc_bench_ext/images/Real/ood_0017831.jpg,0,aigc_bench_ext,Real
corpora/aigc_bench_ext/images/Real/ood_0017833.jpg,0,aigc_bench_ext,Real
corpora/aigc_bench_ext/images/Real/ood_0017835.jpg,0,aigc_bench_ext,Real
corpora/aigc_bench_ext/images/Real/ood_0017837.jpg,0,aigc_bench_ext,Real
corpora/aigc_bench_ext/images/Real/ood_0017839.jpg,0,aigc_bench_ext,Real
corpora/aigc_bench_ext/images/Real/ood_0017841.jpg,0,aigc_bench_ext,Real
corpora/aigc_bench_ext/images/Real/ood_0017843.jpg,0,aigc_bench_ext,Real
corpora/aigc_bench_ext/images/Real/ood_0017845.jpg,0,aigc_bench_ext,Real
corpora/aigc_bench_ext/images/Real/ood_0017847.jpg,0,aigc_bench_ext,Real
corpora/aigc_bench_ext/images/Real/ood_0017849.jpg,0,aigc_bench_ext,Real
corpora/aigc_bench_ext/images/Real/ood_0017851.jpg,0,aigc_bench_ext,Real
corpora/aigc_bench_ext/images/Real/ood_0017853.jpg,0,aigc_bench_ext,Real
corpora/aigc_bench_ext/images/Real/ood_0017855.jpg,0,aigc_bench_ext,Real
corpora/aigc_bench_ext/images/Real/ood_0017857.jpg,0,aigc_bench_ext,Real
corpora/aigc_bench_ext/images/Real/ood_0017859.jpg,0,aigc_bench_ext,Real
corpora/aigc_bench_ext/images/Real/ood_0017861.jpg,0,aigc_bench_ext,Real
corpora/aigc_bench_ext/images/Real/ood_0017863.jpg,0,aigc_bench_ext,Real
corpora/aigc_bench_ext/images/Real/ood_0017865.jpg,0,aigc_bench_ext,Real
corpora/aigc_bench_ext/images/Real/ood_0017867.jpg,0,aigc_bench_ext,Real
corpora/aigc_bench_ext/images/Real/ood_0017869.jpg,0,aigc_bench_ext,Real
corpora/aigc_bench_ext/images/Real/ood_0017871.jpg,0,aigc_bench_ext,Real
corpora/aigc_bench_ext/images/Real/ood_0017873.jpg,0,aigc_bench_ext,Real
corpora/aigc_bench_ext/images/Real/ood_0017875.jpg,0,aigc_bench_ext,Real
corpora/aigc_bench_ext/images/Real/ood_0017877.jpg,0,aigc_bench_ext,Real
corpora/aigc_bench_ext/images/Real/ood_0017879.jpg,0,aigc_bench_ext,Real
corpora/aigc_bench_ext/images/Real/ood_0017881.jpg,0,aigc_bench_ext,Real
corpora/aigc_bench_ext/images/Real/ood_0017883.jpg,0,aigc_bench_ext,Real
corpora/aigc_bench_ext/images/Real/ood_0017885.jpg,0,aigc_bench_ext,Real
corpora/aigc_bench_ext/images/Real/ood_0017887.jpg,0,aigc_bench_ext,Real
corpora/aigc_bench_ext/images/Real/ood_0017889.jpg,0,aigc_bench_ext,Real
corpora/aigc_bench_ext/images/Real/ood_0017891.jpg,0,aigc_bench_ext,Real
corpora/aigc_bench_ext/images/Real/ood_0017893.jpg,0,aigc_bench_ext,Real
corpora/aigc_bench_ext/images/Real/ood_0017895.jpg,0,aigc_bench_ext,Real
corpora/aigc_bench_ext/images/Real/ood_0017897.jpg,0,aigc_bench_ext,Real
corpora/aigc_bench_ext/images/Real/ood_0017899.jpg,0,aigc_bench_ext,Real
corpora/aigc_bench_ext/images/Real/ood_0017901.jpg,0,aigc_bench_ext,Real
corpora/aigc_bench_ext/images/Real/ood_0017903.jpg,0,aigc_bench_ext,Real
corpora/aigc_bench_ext/images/Real/ood_0017905.jpg,0,aigc_bench_ext,Real
corpora/aigc_bench_ext/images/Real/ood_0017907.jpg,0,aigc_bench_ext,Real
corpora/aigc_bench_ext/images/Real/ood_0017909.jpg,0,aigc_bench_ext,Real
corpora/aigc_bench_ext/images/Real/ood_0017911.jpg,0,aigc_bench_ext,Real
corpora/aigc_bench_ext/images/Real/ood_0017913.jpg,0,aigc_bench_ext,Real
corpora/aigc_bench_ext/images/Real/ood_0017915.jpg,0,aigc_bench_ext,Real
corpora/aigc_bench_ext/images/Real/ood_0017917.jpg,0,aigc_bench_ext,Real
corpora/aigc_bench_ext/images/Real/ood_0017919.jpg,0,aigc_bench_ext,Real
corpora/aigc_bench_ext/images/Real/ood_0017921.jpg,0,aigc_bench_ext,Real
corpora/aigc_bench_ext/images/Real/ood_0017923.jpg,0,aigc_bench_ext,Real
corpora/aigc_bench_ext/images/Real/ood_0017925.jpg,0,aigc_bench_ext,Real
corpora/aigc_bench_ext/images/Real/ood_0017927.jpg,0,aigc_bench_ext,Real
corpora/aigc_bench_ext/images/Real/ood_0017929.jpg,0,aigc_bench_ext,Real
corpora/aigc_bench_ext/images/Real/ood_0017931.jpg,0,aigc_bench_ext,Real
corpora/aigc_bench_ext/images/Real/ood_0017933.jpg,0,aigc_bench_ext,Real
corpora/aigc_bench_ext/images/Real/ood_0017935.jpg,0,aigc_bench_ext,Real
corpora/aigc_bench_ext/images/Real/ood_0017937.jpg,0,aigc_bench_ext,Real
corpora/aigc_bench_ext/images/Real/ood_0017939.jpg,0,aigc_bench_ext,Real
corpora/aigc_bench_ext/images/Real/ood_0017941.jpg,0,aigc_bench_ext,Real
corpora/aigc_bench_ext/images/Real/ood_0017943.jpg,0,aigc_bench_ext,Real
corpora/aigc_bench_ext/images/Real/ood_0017945.jpg,0,aigc_bench_ext,Real
corpora/aigc_bench_ext/images/Real/ood_0017947.jpg,0,aigc_bench_ext,Real
corpora/aigc_bench_ext/images/Real/ood_0017949.jpg,0,aigc_bench_ext,Real
corpora/aigc_bench_ext/images/Real/ood_0017951.jpg,0,aigc_bench_ext,Real
corpora/aigc_bench_ext/images/Real/ood_0017953.jpg,0,aigc_bench_ext,Real
corpora/aigc_bench_ext/images/Real/ood_0017955.jpg,0,aigc_bench_ext,Real
corpora/aigc_bench_ext/images/Real/ood_0017957.jpg,0,aigc_bench_ext,Real
corpora/aigc_bench_ext/images/Real/ood_0017959.jpg,0,aigc_bench_ext,Real
corpora/aigc_bench_ext/images/Real/ood_0017961.jpg,0,aigc_bench_ext,Real
corpora/aigc_bench_ext/images/Real/ood_0017963.jpg,0,aigc_bench_ext,Real
corpora/aigc_bench_ext/images/Real/ood_0017965.jpg,0,aigc_bench_ext,Real
corpora/aigc_bench_ext/images/Real/ood_0017967.jpg,0,aigc_bench_ext,Real
corpora/aigc_bench_ext/images/Real/ood_0017969.jpg,0,aigc_bench_ext,Real
corpora/aigc_bench_ext/images/Real/ood_0017971.jpg,0,aigc_bench_ext,Real
corpora/aigc_bench_ext/images/Real/ood_0017973.jpg,0,aigc_bench_ext,Real
corpora/aigc_bench_ext/images/Real/ood_0017975.jpg,0,aigc_bench_ext,Real
corpora/aigc_bench_ext/images/Real/ood_0017977.jpg,0,aigc_bench_ext,Real
corpora/aigc_bench_ext/images/Real/ood_0017979.jpg,0,aigc_bench_ext,Real
corpora/aigc_bench_ext/images/Real/ood_0017981.jpg,0,aigc_bench_ext,Real
corpora/aigc_bench_ext/images/Real/ood_0017983.jpg,0,aigc_bench_ext,Real
corpora/aigc_bench_ext/images/Real/ood_0017985.jpg,0,aigc_bench_ext,Real
corpora/aigc_bench_ext/images/Real/ood_0017987.jpg,0,aigc_bench_ext,Real
corpora/aigc_bench_ext/images/Real/ood_0017989.jpg,0,aigc_bench_ext,Real
corpora/aigc_bench_ext/images/Real/ood_0017991.jpg,0,aigc_bench_ext,Real
corpora/aigc_bench_ext/images/Real/ood_0017993.jpg,0,aigc_bench_ext,Real
corpora/aigc_bench_ext/images/Real/ood_0017995.jpg,0,aigc_bench_ext,Real
corpora/aigc_bench_ext/images/Real/ood_0017997.jpg,0,aigc_bench_ext,Real
corpora/aigc_bench_ext/images/Real/ood_0017999.jpg,0,aigc_bench_ext,Real
corpora/aigc_bench_ext/images/Real/ood_0018001.jpg,0,aigc_bench_ext,Real
corpora/aigc_bench_ext/images/Real/ood_0018003.jpg,0,aigc_bench_ext,Real
corpora/aigc_bench_ext/images/Real/ood_0018005.jpg,0,aigc_bench_ext,Real
corpora/aigc_bench_ext/images/Real/ood_0018007.jpg,0,aigc_bench_ext,Real
corpora/aigc_bench_ext/images/Real/ood_0018009.jpg,0,aigc_bench_ext,Real
corpora/aigc_bench_ext/images/Real/ood_0018011.jpg,0,aigc_bench_ext,Real
corpora/aigc_bench_ext/images/Real/ood_0018013.jpg,0,aigc_bench_ext,Real
corpora/aigc_bench_ext/images/Real/ood_0018015.jpg,0,aigc_bench_ext,Real
corpora/aigc_bench_ext/images/Real/ood_0018017.jpg,0,aigc_bench_ext,Real
corpora/aigc_bench_ext/images/Real/ood_0018019.jpg,0,aigc_bench_ext,Real
corpora/aigc_bench_ext/images/Real/ood_0018021.jpg,0,aigc_bench_ext,Real
corpora/aigc_bench_ext/images/Real/ood_0018023.jpg,0,aigc_bench_ext,Real
corpora/aigc_bench_ext/images/Real/ood_0018025.jpg,0,aigc_bench_ext,Real
corpora/aigc_bench_ext/images/Real/ood_0018027.jpg,0,aigc_bench_ext,Real
corpora/aigc_bench_ext/images/Real/ood_0018029.jpg,0,aigc_bench_ext,Real
corpora/aigc_bench_ext/images/Real/ood_0018031.jpg,0,aigc_bench_ext,Real
corpora/aigc_bench_ext/images/Real/ood_0018033.jpg,0,aigc_bench_ext,Real
corpora/aigc_bench_ext/images/Real/ood_0018035.jpg,0,aigc_bench_ext,Real
corpora/aigc_bench_ext/images/Real/ood_0018037.jpg,0,aigc_bench_ext,Real
corpora/aigc_bench_ext/images/Real/ood_0018039.jpg,0,aigc_bench_ext,Real
corpora/aigc_bench_ext/images/Real/ood_0018041.jpg,0,aigc_bench_ext,Real
corpora/aigc_bench_ext/images/Real/ood_0018043.jpg,0,aigc_bench_ext,Real
corpora/aigc_bench_ext/images/Real/ood_0018045.jpg,0,aigc_bench_ext,Real
corpora/aigc_bench_ext/images/Real/ood_0018047.jpg,0,aigc_bench_ext,Real
corpora/aigc_bench_ext/images/Real/ood_0018049.jpg,0,aigc_bench_ext,Real
corpora/aigc_bench_ext/images/Real/ood_0018051.jpg,0,aigc_bench_ext,Real
corpora/aigc_bench_ext/images/Real/ood_0018053.jpg,0,aigc_bench_ext,Real
corpora/aigc_bench_ext/images/Real/ood_0018055.jpg,0,aigc_bench_ext,Real
corpora/aigc_bench_ext/images/Real/ood_0018057.jpg,0,aigc_bench_ext,Real
corpora/aigc_bench_ext/images/Real/ood_0018059.jpg,0,aigc_bench_ext,Real
corpora/aigc_bench_ext/images/Real/ood_0018061.jpg,0,aigc_bench_ext,Real
corpora/aigc_bench_ext/images/Real/ood_0018063.jpg,0,aigc_bench_ext,Real
corpora/aigc_bench_ext/images/Real/ood_0018065.jpg,0,aigc_bench_ext,Real
corpora/aigc_bench_ext/images/Real/ood_0018067.jpg,0,aigc_bench_ext,Real
corpora/aigc_bench_ext/images/Real/ood_0018069.jpg,0,aigc_bench_ext,Real
corpora/aigc_bench_ext/images/Real/ood_0018071.jpg,0,aigc_bench_ext,Real
corpora/aigc_bench_ext/images/Real/ood_0018073.jpg,0,aigc_bench_ext,Real
corpora/aigc_bench_ext/images/Real/ood_0018075.jpg,0,aigc_bench_ext,Real
corpora/aigc_bench_ext/images/Real/ood_0018077.jpg,0,aigc_bench_ext,Real
corpora/aigc_bench_ext/images/Real/ood_0018079.jpg,0,aigc_bench_ext,Real
corpora/aigc_bench_ext/images/Real/ood_0018081.jpg,0,aigc_bench_ext,Real
corpora/aigc_bench_ext/images/Real/ood_0018083.jpg,0,aigc_bench_ext,Real
corpora/aigc_bench_ext/images/Real/ood_0018085.jpg,0,aigc_bench_ext,Real
corpora/aigc_bench_ext/images/Real/ood_0018087.jpg,0,aigc_bench_ext,Real
corpora/aigc_bench_ext/images/Real/ood_0018089.jpg,0,aigc_bench_ext,Real
corpora/aigc_bench_ext/images/Real/ood_0018091.jpg,0,aigc_bench_ext,Real
corpora/aigc_bench_ext/images/Real/ood_0018093.jpg,0,aigc_bench_ext,Real
corpora/aigc_bench_ext/images/Real/ood_0018095.jpg,0,aigc_bench_ext,Real
corpora/aigc_bench_ext/images/Real/ood_0018097.jpg,0,aigc_bench_ext,Real
corpora/aigc_bench_ext/images/Real/ood_0018099.jpg,0,aigc_bench_ext,Real
corpora/aigc_bench_ext/images/Real/ood_0018101.jpg,0,aigc_bench_ext,Real
corpora/aigc_bench_ext/images/Real/ood_0018103.jpg,0,aigc_bench_ext,Real
corpora/aigc_bench_ext/images/Real/ood_0018105.jpg,0,aigc_bench_ext,Real
corpora/aigc_bench_ext/images/Real/ood_0018107.jpg,0,aigc_bench_ext,Real
corpora/aigc_bench_ext/images/Real/ood_0018109.jpg,0,aigc_bench_ext,Real
corpora/aigc_bench_ext/images/Real/ood_0018111.jpg,0,aigc_bench_ext,Real
corpora/aigc_bench_ext/images/Real/ood_0018113.jpg,0,aigc_bench_ext,Real
corpora/aigc_bench_ext/images/Real/ood_0018115.jpg,0,aigc_bench_ext,Real
corpora/aigc_bench_ext/images/Real/ood_0018117.jpg,0,aigc_bench_ext,Real
corpora/aigc_bench_ext/images/Real/ood_0018119.jpg,0,aigc_bench_ext,Real
corpora/aigc_bench_ext/images/Real/ood_0018121.jpg,0,aigc_bench_ext,Real
corpora/aigc_bench_ext/images/Real/ood_0018123.jpg,0,aigc_bench_ext,Real
corpora/aigc_bench_ext/images/Real/ood_0018125.jpg,0,aigc_bench_ext,Real
corpora/aigc_bench_ext/images/Real/ood_0018127.jpg,0,aigc_bench_ext,Real
corpora/aigc_bench_ext/images/Real/ood_0018129.jpg,0,aigc_bench_ext,Real
corpora/aigc_bench_ext/images/Real/ood_0018131.jpg,0,aigc_bench_ext,Real
corpora/aigc_bench_ext/images/Real/ood_0018133.jpg,0,aigc_bench_ext,Real
corpora/aigc_bench_ext/images/Real/ood_0018135.jpg,0,aigc_bench_ext,Real
corpora/aigc_bench_ext/images/Real/ood_0018137.jpg,0,aigc_bench_ext,Real
corpora/aigc_bench_ext/images/Real/ood_0018139.jpg,0,aigc_bench_ext,Real
corpora/aigc_bench_ext/images/Real/ood_0018141.jpg,0,aigc_bench_ext,Real
corpora/aigc_bench_ext/images/Real/ood_0018143.jpg,0,aigc_bench_ext,Real
corpora/aigc_bench_ext/images/Real/ood_0018145.jpg,0,aigc_bench_ext,Real
corpora/aigc_bench_ext/images/Real/ood_0018147.jpg,0,aigc_bench_ext,Real
corpora/aigc_bench_ext/images/Real/ood_0018149.jpg,0,aigc_bench_ext,Real
corpora/aigc_bench_ext/images/Real/ood_0018151.jpg,0,aigc_bench_ext,Real
corpora/aigc_bench_ext/images/Real/ood_0018153.jpg,0,aigc_bench_ext,Real
corpora/aigc_bench_ext/images/Real/ood_0018155.jpg,0,aigc_bench_ext,Real
corpora/aigc_bench_ext/images/Real/ood_0018157.jpg,0,aigc_bench_ext,Real
corpora/aigc_bench_ext/images/Real/ood_0018159.jpg,0,aigc_bench_ext,Real
corpora/aigc_bench_ext/images/Real/ood_0018161.jpg,0,aigc_bench_ext,Real
corpora/aigc_bench_ext/images/Real/ood_0018163.jpg,0,aigc_bench_ext,Real
corpora/aigc_bench_ext/images/Real/ood_0018165.jpg,0,aigc_bench_ext,Real
corpora/aigc_bench_ext/images/Real/ood_0018167.jpg,0,aigc_bench_ext,Real
corpora/aigc_bench_ext/images/Real/ood_0018169.jpg,0,aigc_bench_ext,Real
corpora/aigc_bench_ext/images/Real/ood_0018171.jpg,0,aigc_bench_ext,Real
corpora/aigc_bench_ext/images/Real/ood_0018173.jpg,0,aigc_bench_ext,Real
corpora/aigc_bench_ext/images/Real/ood_0018175.jpg,0,aigc_bench_ext,Real
corpora/aigc_bench_ext/images/Real/ood_0018177.jpg,0,aigc_bench_ext,Real
corpora/aigc_bench_ext/images/Real/ood_0018179.jpg,0,aigc_bench_ext,Real
corpora/aigc_bench_ext/images/Real/ood_0018181.jpg,0,aigc_bench_ext,Real
corpora/aigc_bench_ext/images/Real/ood_0018183.jpg,0,aigc_bench_ext,Real
corpora/aigc_bench_ext/images/Real/ood_0018185.jpg,0,aigc_bench_ext,Real
corpora/aigc_bench_ext/images/Real/ood_0018187.jpg,0,aigc_bench_ext,Real
corpora/aigc_bench_ext/images/Real/ood_0018189.jpg,0,aigc_bench_ext,Real
corpora/aigc_bench_ext/images/Real/ood_0018191.jpg,0,aigc_bench_ext,Real
corpora/aigc_bench_ext/images/Real/ood_0018193.jpg,0,aigc_bench_ext,Real
corpora/aigc_bench_ext/images/Real/ood_0018195.jpg,0,aigc_bench_ext,Real
corpora/aigc_bench_ext/images/Real/ood_0018197.jpg,0,aigc_bench_ext,Real
corpora/aigc_bench_ext/images/Real/ood_0018199.jpg,0,aigc_bench_ext,Real
corpora/aigc_bench_ext/images/Real/ood_0018201.jpg,0,aigc_bench_ext,Real
corpora/aigc_bench_ext/images/Real/ood_0018203.jpg,0,aigc_bench_ext,Real
corpora/aigc_bench_ext/images/Real/ood_0018205.jpg,0,aigc_bench_ext,Real
corpora/aigc_bench_ext/images/Real/ood_0018207.jpg,0,aigc_bench_ext,Real
corpora/aigc_bench_ext/images/Real/ood_0018209.jpg,0,aigc_bench_ext,Real
corpora/aigc_bench_ext/images/Real/ood_0018211.jpg,0,aigc_bench_ext,Real
corpora/aigc_bench_ext/images/Real/ood_0018213.jpg,0,aigc_bench_ext,Real
corpora/aigc_bench_ext/images/Real/ood_0018215.jpg,0,aigc_bench_ext,Real
corpora/aigc_bench_ext/images/Real/ood_0018217.jpg,0,aigc_bench_ext,Real
corpora/aigc_bench_ext/images/Real/ood_0018219.jpg,0,aigc_bench_ext,Real
corpora/aigc_bench_ext/images/Real/ood_0018221.jpg,0,aigc_bench_ext,Real
corpora/aigc_bench_ext/images/Real/ood_0018223.jpg,0,aigc_bench_ext,Real
corpora/aigc_bench_ext/images/Real/ood_0018225.jpg,0,aigc_bench_ext,Real
corpora/aigc_bench_ext/images/Real/ood_0018227.jpg,0,aigc_bench_ext,Real
corpora/aigc_bench_ext/images/Real/ood_0018229.jpg,0,aigc_bench_ext,Real
corpora/aigc_bench_ext/images/Real/ood_0018231.jpg,0,aigc_bench_ext,Real
corpora/aigc_bench_ext/images/Real/ood_0018233.jpg,0,aigc_bench_ext,Real
corpora/aigc_bench_ext/images/Real/ood_0018235.jpg,0,aigc_bench_ext,Real
corpora/aigc_bench_ext/images/Real/ood_0018237.jpg,0,aigc_bench_ext,Real
corpora/aigc_bench_ext/images/Real/ood_0018239.jpg,0,aigc_bench_ext,Real
corpora/aigc_bench_ext/images/Real/ood_0018241.jpg,0,aigc_bench_ext,Real
corpora/aigc_bench_ext/images/Real/ood_0018243.jpg,0,aigc_bench_ext,Real
corpora/aigc_bench_ext/images/Real/ood_0018245.jpg,0,aigc_bench_ext,Real
corpora/aigc_bench_ext/images/Real/ood_0018247.jpg,0,aigc_bench_ext,Real
corpora/aigc_bench_ext/images/Real/ood_0018249.jpg,0,aigc_bench_ext,Real
corpora/aigc_bench_ext/images/Real/ood_0018251.jpg,0,aigc_bench_ext,Real
corpora/aigc_bench_ext/images/Real/ood_0018253.jpg,0,aigc_bench_ext,Real
corpora/aigc_bench_ext/images/Real/ood_0018255.jpg,0,aigc_bench_ext,Real
corpora/aigc_bench_ext/images/Real/ood_0018257.jpg,0,aigc_bench_ext,Real
corpora/aigc_bench_ext/images/Real/ood_0018259.jpg,0,aigc_bench_ext,Real
corpora/aigc_bench_ext/images/Real/ood_0018261.jpg,0,aigc_bench_ext,Real
corpora/aigc_bench_ext/images/Real/ood_0018263.jpg,0,aigc_bench_ext,Real
corpora/aigc_bench_ext/images/Real/ood_0018265.jpg,0,aigc_bench_ext,Real
corpora/aigc_bench_ext/images/Real/ood_0018267.jpg,0,aigc_bench_ext,Real
corpora/aigc_bench_ext/images/Real/ood_0018269.jpg,0,aigc_bench_ext,Real
corpora/aigc_bench_ext/images/Real/ood_0018271.jpg,0,aigc_bench_ext,Real
corpora/aigc_bench_ext/images/Real/ood_0018273.jpg,0,aigc_bench_ext,Real
corpora/aigc_bench_ext/images/Real/ood_0018275.jpg,0,aigc_bench_ext,Real
corpora/aigc_bench_ext/images/Real/ood_0018277.jpg,0,aigc_bench_ext,Real
corpora/aigc_bench_ext/images/Real/ood_0018279.jpg,0,aigc_bench_ext,Real
corpora/aigc_bench_ext/images/Real/ood_0018281.jpg,0,aigc_bench_ext,Real
corpora/aigc_bench_ext/images/Real/ood_0018283.jpg,0,aigc_bench_ext,Real
corpora/aigc_bench_ext/images/Real/ood_0018285.jpg,0,aigc_bench_ext,Real
corpora/aigc_bench_ext/images/Real/ood_0018287.jpg,0,aigc_bench_ext,Real
corpora/aigc_bench_ext/images/Real/ood_0018289.jpg,0,aigc_bench_ext,Real
corpora/aigc_bench_ext/images/Real/ood_0018291.jpg,0,aigc_bench_ext,Real
corpora/aigc_bench_ext/images/Real/ood_0018293.jpg,0,aigc_bench_ext,Real
corpora/aigc_bench_ext/images/Real/ood_0018295.jpg,0,aigc_bench_ext,Real
corpora/aigc_bench_ext/images/Real/ood_0018297.jpg,0,aigc_bench_ext,Real
corpora/aigc_bench_ext/images/Real/ood_0018299.jpg,0,aigc_bench_ext,Real
corpora/aigc_bench_ext/images/Real/ood_0018301.jpg,0,aigc_bench_ext,Real
corpora/aigc_bench_ext/images/Real/ood_0018303.jpg,0,aigc_bench_ext,Real
corpora/aigc_bench_ext/images/Real/ood_0018305.jpg,0,aigc_bench_ext,Real
corpora/aigc_bench_ext/images/Real/ood_0018307.jpg,0,aigc_bench_ext,Real
corpora/aigc_bench_ext/images/Real/ood_0018309.jpg,0,aigc_bench_ext,Real
corpora/aigc_bench_ext/images/Real/ood_0018311.jpg,0,aigc_bench_ext,Real
corpora/aigc_bench_ext/images/Real/ood_0018313.jpg,0,aigc_bench_ext,Real
corpora/aigc_bench_ext/images/Real/ood_0018315.jpg,0,aigc_bench_ext,Real
corpora/aigc_bench_ext/images/Real/ood_0018317.jpg,0,aigc_bench_ext,Real
corpora/aigc_bench_ext/images/Real/ood_0018319.jpg,0,aigc_bench_ext,Real
corpora/aigc_bench_ext/images/Real/ood_0018321.jpg,0,aigc_bench_ext,Real
corpora/aigc_bench_ext/images/Real/ood_0018323.jpg,0,aigc_bench_ext,Real
corpora/aigc_bench_ext/images/Real/ood_0018325.jpg,0,aigc_bench_ext,Real
corpora/aigc_bench_ext/images/Real/ood_0018327.jpg,0,aigc_bench_ext,Real
corpora/aigc_bench_ext/images/Real/ood_0018329.jpg,0,aigc_bench_ext,Real
corpora/aigc_bench_ext/images/Real/ood_0018331.jpg,0,aigc_bench_ext,Real
corpora/aigc_bench_ext/images/Real/ood_0018333.jpg,0,aigc_bench_ext,Real
corpora/aigc_bench_ext/images/Real/ood_0018335.jpg,0,aigc_bench_ext,Real
corpora/aigc_bench_ext/images/Real/ood_0018337.jpg,0,aigc_bench_ext,Real
corpora/aigc_bench_ext/images/Real/ood_0018339.jpg,0,aigc_bench_ext,Real
corpora/aigc_bench_ext/images/Real/ood_0018341.jpg,0,aigc_bench_ext,Real
corpora/aigc_bench_ext/images/Real/ood_0018343.jpg,0,aigc_bench_ext,Real
corpora/aigc_bench_ext/images/Real/ood_0018345.jpg,0,aigc_bench_ext,Real
corpora/aigc_bench_ext/images/Real/ood_0018347.jpg,0,aigc_bench_ext,Real
corpora/aigc_bench_ext/images/Real/ood_0018349.jpg,0,aigc_bench_ext,Real
corpora/aigc_bench_ext/images/Real/ood_0018351.jpg,0,aigc_bench_ext,Real
corpora/aigc_bench_ext/images/Real/ood_0018353.jpg,0,aigc_bench_ext,Real
corpora/aigc_bench_ext/images/Real/ood_0018355.jpg,0,aigc_bench_ext,Real
corpora/aigc_bench_ext/images/Real/ood_0018357.jpg,0,aigc_bench_ext,Real
corpora/aigc_bench_ext/images/Real/ood_0018359.jpg,0,aigc_bench_ext,Real
corpora/aigc_bench_ext/images/Real/ood_0018361.jpg,0,aigc_bench_ext,Real
corpora/aigc_bench_ext/images/Real/ood_0018363.jpg,0,aigc_bench_ext,Real
corpora/aigc_bench_ext/images/Real/ood_0018365.jpg,0,aigc_bench_ext,Real
corpora/aigc_bench_ext/images/Real/ood_0018367.jpg,0,aigc_bench_ext,Real
corpora/aigc_bench_ext/images/Real/ood_0018369.jpg,0,aigc_bench_ext,Real
corpora/aigc_bench_ext/images/Real/ood_0018371.jpg,0,aigc_bench_ext,Real
corpora/aigc_bench_ext/images/Real/ood_0018373.jpg,0,aigc_bench_ext,Real
corpora/aigc_bench_ext/images/Real/ood_0018375.jpg,0,aigc_bench_ext,Real
corpora/aigc_bench_ext/images/Real/ood_0018377.jpg,0,aigc_bench_ext,Real
corpora/aigc_bench_ext/images/Real/ood_0018379.jpg,0,aigc_bench_ext,Real
corpora/aigc_bench_ext/images/Real/ood_0018381.jpg,0,aigc_bench_ext,Real
corpora/aigc_bench_ext/images/Real/ood_0018383.jpg,0,aigc_bench_ext,Real
corpora/aigc_bench_ext/images/Real/ood_0018385.jpg,0,aigc_bench_ext,Real
corpora/aigc_bench_ext/images/Real/ood_0018387.jpg,0,aigc_bench_ext,Real
corpora/aigc_bench_ext/images/Real/ood_0018389.jpg,0,aigc_bench_ext,Real
corpora/aigc_bench_ext/images/Real/ood_0018391.jpg,0,aigc_bench_ext,Real
corpora/aigc_bench_ext/images/Real/ood_0018393.jpg,0,aigc_bench_ext,Real
corpora/aigc_bench_ext/images/Real/ood_0018395.jpg,0,aigc_bench_ext,Real
corpora/aigc_bench_ext/images/Real/ood_0018397.jpg,0,aigc_bench_ext,Real
corpora/aigc_bench_ext/images/Real/ood_0018399.jpg,0,aigc_bench_ext,Real
corpora/aigc_bench_ext/images/Real/ood_0018401.jpg,0,aigc_bench_ext,Real
corpora/aigc_bench_ext/images/Real/ood_0018403.jpg,0,aigc_bench_ext,Real
corpora/aigc_bench_ext/images/Real/ood_0018405.jpg,0,aigc_bench_ext,Real
corpora/aigc_bench_ext/images/Real/ood_0018407.jpg,0,aigc_bench_ext,Real
corpora/aigc_bench_ext/images/Real/ood_0018409.jpg,0,aigc_bench_ext,Real
corpora/aigc_bench_ext/images/Real/ood_0018411.jpg,0,aigc_bench_ext,Real
corpora/aigc_bench_ext/images/Real/ood_0018413.jpg,0,aigc_bench_ext,Real
corpora/aigc_bench_ext/images/Real/ood_0018415.jpg,0,aigc_bench_ext,Real
corpora/aigc_bench_ext/images/Real/ood_0018417.jpg,0,aigc_bench_ext,Real
corpora/aigc_bench_ext/images/Real/ood_0018419.jpg,0,aigc_bench_ext,Real
corpora/aigc_bench_ext/images/Real/ood_0018421.jpg,0,aigc_bench_ext,Real
corpora/aigc_bench_ext/images/Real/ood_0018423.jpg,0,aigc_bench_ext,Real
corpora/aigc_bench_ext/images/Real/ood_0018425.jpg,0,aigc_bench_ext,Real
corpora/aigc_bench_ext/images/Real/ood_0018427.jpg,0,aigc_bench_ext,Real
corpora/aigc_bench_ext/images/Real/ood_0018429.jpg,0,aigc_bench_ext,Real
corpora/aigc_bench_ext/images/Real/ood_0018431.jpg,0,aigc_bench_ext,Real
corpora/aigc_bench_ext/images/Real/ood_0018433.jpg,0,aigc_bench_ext,Real
corpora/aigc_bench_ext/images/Real/ood_0018435.jpg,0,aigc_bench_ext,Real
corpora/aigc_bench_ext/images/Real/ood_0018437.jpg,0,aigc_bench_ext,Real
corpora/aigc_bench_ext/images/Real/ood_0018439.jpg,0,aigc_bench_ext,Real
corpora/aigc_bench_ext/images/Real/ood_0018441.jpg,0,aigc_bench_ext,Real
corpora/aigc_bench_ext/images/Real/ood_0018443.jpg,0,aigc_bench_ext,Real
corpora/aigc_bench_ext/images/Real/ood_0018445.jpg,0,aigc_bench_ext,Real
corpora/aigc_bench_ext/images/Real/ood_0018447.jpg,0,aigc_bench_ext,Real
corpora/aigc_bench_ext/images/Real/ood_0018449.jpg,0,aigc_bench_ext,Real
corpora/aigc_bench_ext/images/Real/ood_0018451.jpg,0,aigc_bench_ext,Real
corpora/aigc_bench_ext/images/Real/ood_0018453.jpg,0,aigc_bench_ext,Real
corpora/aigc_bench_ext/images/Real/ood_0018455.jpg,0,aigc_bench_ext,Real
corpora/aigc_bench_ext/images/Real/ood_0018457.jpg,0,aigc_bench_ext,Real
corpora/aigc_bench_ext/images/Real/ood_0018459.jpg,0,aigc_bench_ext,Real
corpora/aigc_bench_ext/images/Real/ood_0018461.jpg,0,aigc_bench_ext,Real
corpora/aigc_bench_ext/images/Real/ood_0018463.jpg,0,aigc_bench_ext,Real
corpora/aigc_bench_ext/images/Real/ood_0018465.jpg,0,aigc_bench_ext,Real
corpora/aigc_bench_ext/images/Real/ood_0018467.jpg,0,aigc_bench_ext,Real
corpora/aigc_bench_ext/images/Real/ood_0018469.jpg,0,aigc_bench_ext,Real
corpora/aigc_bench_ext/images/Real/ood_0018471.jpg,0,aigc_bench_ext,Real
corpora/aigc_bench_ext/images/Real/ood_0018473.jpg,0,aigc_bench_ext,Real
corpora/aigc_bench_ext/images/Real/ood_0018475.jpg,0,aigc_bench_ext,Real
corpora/aigc_bench_ext/images/Real/ood_0018477.jpg,0,aigc_bench_ext,Real
corpora/aigc_bench_ext/images/Real/ood_0018479.jpg,0,aigc_bench_ext,Real
corpora/aigc_bench_ext/images/Real/ood_0018481.jpg,0,aigc_bench_ext,Real
corpora/aigc_bench_ext/images/Real/ood_0018483.jpg,0,aigc_bench_ext,Real
corpora/aigc_bench_ext/images/Real/ood_0018485.jpg,0,aigc_bench_ext,Real
corpora/aigc_bench_ext/images/Real/ood_0018487.jpg,0,aigc_bench_ext,Real
corpora/aigc_bench_ext/images/Real/ood_0018489.jpg,0,aigc_bench_ext,Real
corpora/aigc_bench_ext/images/Real/ood_0018491.jpg,0,aigc_bench_ext,Real
corpora/aigc_bench_ext/images/Real/ood_0018493.jpg,0,aigc_bench_ext,Real
corpora/aigc_bench_ext/images/Real/ood_0018495.jpg,0,aigc_bench_ext,Real
corpora/aigc_bench_ext/images/Real/ood_0018497.jpg,0,aigc_bench_ext,Real
corpora/aigc_bench_ext/images/Real/ood_0018499.jpg,0,aigc_bench_ext,Real
corpora/aigc_bench_ext/images/Real/ood_0018501.jpg,0,aigc_bench_ext,Real
corpora/aigc_bench_ext/images/Real/ood_0018503.jpg,0,aigc_bench_ext,Real
corpora/aigc_bench_ext/images/Real/ood_0018505.jpg,0,aigc_bench_ext,Real
corpora/aigc_bench_ext/images/Real/ood_0018507.jpg,0,aigc_bench_ext,Real
corpora/aigc_bench_ext/images/Real/ood_0018509.jpg,0,aigc_bench_ext,Real
corpora/aigc_bench_ext/images/Real/ood_0018511.jpg,0,aigc_bench_ext,Real
corpora/aigc_bench_ext/images/Real/ood_0018513.jpg,0,aigc_bench_ext,Real
corpora/aigc_bench_ext/images/Real/ood_0018515.jpg,0,aigc_bench_ext,Real
corpora/aigc_bench_ext/images/Real/ood_0018517.jpg,0,aigc_bench_ext,Real
corpora/aigc_bench_ext/images/Real/ood_0018519.jpg,0,aigc_bench_ext,Real
corpora/aigc_bench_ext/images/Real/ood_0018521.jpg,0,aigc_bench_ext,Real
corpora/aigc_bench_ext/images/Real/ood_0018523.jpg,0,aigc_bench_ext,Real
corpora/aigc_bench_ext/images/Real/ood_0018525.jpg,0,aigc_bench_ext,Real
corpora/aigc_bench_ext/images/Real/ood_0018527.jpg,0,aigc_bench_ext,Real
corpora/aigc_bench_ext/images/Real/ood_0018529.jpg,0,aigc_bench_ext,Real
corpora/aigc_bench_ext/images/Real/ood_0018531.jpg,0,aigc_bench_ext,Real
corpora/aigc_bench_ext/images/Real/ood_0018533.jpg,0,aigc_bench_ext,Real
corpora/aigc_bench_ext/images/Real/ood_0018535.jpg,0,aigc_bench_ext,Real
corpora/aigc_bench_ext/images/Real/ood_0018537.jpg,0,aigc_bench_ext,Real
corpora/aigc_bench_ext/images/Real/ood_0018539.jpg,0,aigc_bench_ext,Real
corpora/aigc_bench_ext/images/Real/ood_0018541.jpg,0,aigc_bench_ext,Real
corpora/aigc_bench_ext/images/Real/ood_0018543.jpg,0,aigc_bench_ext,Real
corpora/aigc_bench_ext/images/Real/ood_0018545.jpg,0,aigc_bench_ext,Real
corpora/aigc_bench_ext/images/Real/ood_0018547.jpg,0,aigc_bench_ext,Real
corpora/aigc_bench_ext/images/Real/ood_0018549.jpg,0,aigc_bench_ext,Real
corpora/aigc_bench_ext/images/Real/ood_0018551.jpg,0,aigc_bench_ext,Real
corpora/aigc_bench_ext/images/Real/ood_0018553.jpg,0,aigc_bench_ext,Real
corpora/aigc_bench_ext/images/Real/ood_0018555.jpg,0,aigc_bench_ext,Real
corpora/aigc_bench_ext/images/Real/ood_0018557.jpg,0,aigc_bench_ext,Real
corpora/aigc_bench_ext/images/Real/ood_0018559.jpg,0,aigc_bench_ext,Real
corpora/aigc_bench_ext/images/Real/ood_0018561.jpg,0,aigc_bench_ext,Real
corpora/aigc_bench_ext/images/Real/ood_0018563.jpg,0,aigc_bench_ext,Real
corpora/aigc_bench_ext/images/Real/ood_0018565.jpg,0,aigc_bench_ext,Real
corpora/aigc_bench_ext/images/Real/ood_0018567.jpg,0,aigc_bench_ext,Real
corpora/aigc_bench_ext/images/Real/ood_0018569.jpg,0,aigc_bench_ext,Real
corpora/aigc_bench_ext/images/Real/ood_0018571.jpg,0,aigc_bench_ext,Real
corpora/aigc_bench_ext/images/Real/ood_0018573.jpg,0,aigc_bench_ext,Real
corpora/aigc_bench_ext/images/Real/ood_0018575.jpg,0,aigc_bench_ext,Real
corpora/aigc_bench_ext/images/Real/ood_0018577.jpg,0,aigc_bench_ext,Real
corpora/aigc_bench_ext/images/Real/ood_0018579.jpg,0,aigc_bench_ext,Real
corpora/aigc_bench_ext/images/Real/ood_0018581.jpg,0,aigc_bench_ext,Real
corpora/aigc_bench_ext/images/Real/ood_0018583.jpg,0,aigc_bench_ext,Real
corpora/aigc_bench_ext/images/Real/ood_0018585.jpg,0,aigc_bench_ext,Real
corpora/aigc_bench_ext/images/Real/ood_0018587.jpg,0,aigc_bench_ext,Real
corpora/aigc_bench_ext/images/Real/ood_0018589.jpg,0,aigc_bench_ext,Real
corpora/aigc_bench_ext/images/Real/ood_0018591.jpg,0,aigc_bench_ext,Real
corpora/aigc_bench_ext/images/Real/ood_0018593.jpg,0,aigc_bench_ext,Real
corpora/aigc_bench_ext/images/Real/ood_0018595.jpg,0,aigc_bench_ext,Real
corpora/aigc_bench_ext/images/Real/ood_0018597.jpg,0,aigc_bench_ext,Real
corpora/aigc_bench_ext/images/Real/ood_0018599.jpg,0,aigc_bench_ext,Real
corpora/aigc_bench_ext/images/Real/ood_0018601.jpg,0,aigc_bench_ext,Real
corpora/aigc_bench_ext/images/Real/ood_0018603.jpg,0,aigc_bench_ext,Real
corpora/aigc_bench_ext/images/Real/ood_0018605.jpg,0,aigc_bench_ext,Real
corpora/aigc_bench_ext/images/Real/ood_0018607.jpg,0,aigc_bench_ext,Real
corpora/aigc_bench_ext/images/Real/ood_0018609.jpg,0,aigc_bench_ext,Real
corpora/aigc_bench_ext/images/Real/ood_0018611.jpg,0,aigc_bench_ext,Real
corpora/aigc_bench_ext/images/Real/ood_0018613.jpg,0,aigc_bench_ext,Real
corpora/aigc_bench_ext/images/Real/ood_0018615.jpg,0,aigc_bench_ext,Real
corpora/aigc_bench_ext/images/Real/ood_0018617.jpg,0,aigc_bench_ext,Real
corpora/aigc_bench_ext/images/Real/ood_0018619.jpg,0,aigc_bench_ext,Real
corpora/aigc_bench_ext/images/Real/ood_0018621.jpg,0,aigc_bench_ext,Real
corpora/aigc_bench_ext/images/Real/ood_0018623.jpg,0,aigc_bench_ext,Real
corpora/aigc_bench_ext/images/Real/ood_0018625.jpg,0,aigc_bench_ext,Real
corpora/aigc_bench_ext/images/Real/ood_0018627.jpg,0,aigc_bench_ext,Real
corpora/aigc_bench_ext/images/Real/ood_0018629.jpg,0,aigc_bench_ext,Real
corpora/aigc_bench_ext/images/Real/ood_0018631.jpg,0,aigc_bench_ext,Real
corpora/aigc_bench_ext/images/Real/ood_0018633.jpg,0,aigc_bench_ext,Real
corpora/aigc_bench_ext/images/Real/ood_0018635.jpg,0,aigc_bench_ext,Real
corpora/aigc_bench_ext/images/Real/ood_0018637.jpg,0,aigc_bench_ext,Real
corpora/aigc_bench_ext/images/Real/ood_0018639.jpg,0,aigc_bench_ext,Real
corpora/aigc_bench_ext/images/Real/ood_0018641.jpg,0,aigc_bench_ext,Real
corpora/aigc_bench_ext/images/Real/ood_0018643.jpg,0,aigc_bench_ext,Real
corpora/aigc_bench_ext/images/Real/ood_0018645.jpg,0,aigc_bench_ext,Real
corpora/aigc_bench_ext/images/Real/ood_0018647.jpg,0,aigc_bench_ext,Real
corpora/aigc_bench_ext/images/Real/ood_0018649.jpg,0,aigc_bench_ext,Real
corpora/aigc_bench_ext/images/Real/ood_0018651.jpg,0,aigc_bench_ext,Real
corpora/aigc_bench_ext/images/Real/ood_0018653.jpg,0,aigc_bench_ext,Real
corpora/aigc_bench_ext/images/Real/ood_0018655.jpg,0,aigc_bench_ext,Real
corpora/aigc_bench_ext/images/Real/ood_0018657.jpg,0,aigc_bench_ext,Real
corpora/aigc_bench_ext/images/Real/ood_0018659.jpg,0,aigc_bench_ext,Real
corpora/aigc_bench_ext/images/Real/ood_0018661.jpg,0,aigc_bench_ext,Real
corpora/aigc_bench_ext/images/Real/ood_0018663.jpg,0,aigc_bench_ext,Real
corpora/aigc_bench_ext/images/Real/ood_0018665.jpg,0,aigc_bench_ext,Real
corpora/aigc_bench_ext/images/Real/ood_0018667.jpg,0,aigc_bench_ext,Real
corpora/aigc_bench_ext/images/Real/ood_0018669.jpg,0,aigc_bench_ext,Real
corpora/aigc_bench_ext/images/Real/ood_0018671.jpg,0,aigc_bench_ext,Real
corpora/aigc_bench_ext/images/Real/ood_0018673.jpg,0,aigc_bench_ext,Real
corpora/aigc_bench_ext/images/Real/ood_0018675.jpg,0,aigc_bench_ext,Real
corpora/aigc_bench_ext/images/Real/ood_0018677.jpg,0,aigc_bench_ext,Real
corpora/aigc_bench_ext/images/Real/ood_0018679.jpg,0,aigc_bench_ext,Real
corpora/aigc_bench_ext/images/Real/ood_0018681.jpg,0,aigc_bench_ext,Real
corpora/aigc_bench_ext/images/Real/ood_0018683.jpg,0,aigc_bench_ext,Real
corpora/aigc_bench_ext/images/Real/ood_0018685.jpg,0,aigc_bench_ext,Real
corpora/aigc_bench_ext/images/Real/ood_0018687.jpg,0,aigc_bench_ext,Real
corpora/aigc_bench_ext/images/Real/ood_0018689.jpg,0,aigc_bench_ext,Real
corpora/aigc_bench_ext/images/Real/ood_0018691.jpg,0,aigc_bench_ext,Real
corpora/aigc_bench_ext/images/Real/ood_0018693.jpg,0,aigc_bench_ext,Real
corpora/aigc_bench_ext/images/Real/ood_0018695.jpg,0,aigc_bench_ext,Real
corpora/aigc_bench_ext/images/Real/ood_0018697.jpg,0,aigc_bench_ext,Real
corpora/aigc_bench_ext/images/Real/ood_0018699.jpg,0,aigc_bench_ext,Real
corpora/aigc_bench_ext/images/Real/ood_0018701.jpg,0,aigc_bench_ext,Real
corpora/aigc_bench_ext/images/Real/ood_0018703.jpg,0,aigc_bench_ext,Real
corpora/aigc_bench_ext/images/Real/ood_0018705.jpg,0,aigc_bench_ext,Real
corpora/aigc_bench_ext/images/Real/ood_0018707.jpg,0,aigc_bench_ext,Real
corpora/aigc_bench_ext/images/Real/ood_0018709.jpg,0,aigc_bench_ext,Real
corpora/aigc_bench_ext/images/Real/ood_0018711.jpg,0,aigc_bench_ext,Real
corpora/aigc_bench_ext/images/Real/ood_0018713.jpg,0,aigc_bench_ext,Real
corpora/aigc_bench_ext/images/Real/ood_0018715.jpg,0,aigc_bench_ext,Real
corpora/aigc_bench_ext/images/Real/ood_0018717.jpg,0,aigc_bench_ext,Real
corpora/aigc_bench_ext/images/Real/ood_0018719.jpg,0,aigc_bench_ext,Real
corpora/aigc_bench_ext/images/Real/ood_0018721.jpg,0,aigc_bench_ext,Real
corpora/aigc_bench_ext/images/Real/ood_0018723.jpg,0,aigc_bench_ext,Real
corpora/aigc_bench_ext/images/Real/ood_0018725.jpg,0,aigc_bench_ext,Real
corpora/aigc_bench_ext/images/Real/ood_0018727.jpg,0,aigc_bench_ext,Real
corpora/aigc_bench_ext/images/Real/ood_0018729.jpg,0,aigc_bench_ext,Real
corpora/aigc_bench_ext/images/Real/ood_0018731.jpg,0,aigc_bench_ext,Real
corpora/aigc_bench_ext/images/Real/ood_0018733.jpg,0,aigc_bench_ext,Real
corpora/aigc_bench_ext/images/Real/ood_0018735.jpg,0,aigc_bench_ext,Real
corpora/aigc_bench_ext/images/Real/ood_0018737.jpg,0,aigc_bench_ext,Real
corpora/aigc_bench_ext/images/Real/ood_0018739.jpg,0,aigc_bench_ext,Real
corpora/aigc_bench_ext/images/Real/ood_0018741.jpg,0,aigc_bench_ext,Real
corpora/aigc_bench_ext/images/Real/ood_0018743.jpg,0,aigc_bench_ext,Real
corpora/aigc_bench_ext/images/Real/ood_0018745.jpg,0,aigc_bench_ext,Real
corpora/aigc_bench_ext/images/Real/ood_0018747.jpg,0,aigc_bench_ext,Real
corpora/aigc_bench_ext/images/Real/ood_0018749.jpg,0,aigc_bench_ext,Real
corpora/aigc_bench_ext/images/Real/ood_0018751.jpg,0,aigc_bench_ext,Real
corpora/aigc_bench_ext/images/Real/ood_0018753.jpg,0,aigc_bench_ext,Real
corpora/aigc_bench_ext/images/Real/ood_0018755.jpg,0,aigc_bench_ext,Real
corpora/aigc_bench_ext/images/SD14/ood_0008416.jpg,1,aigc_bench_ext,SD14
corpora/aigc_bench_ext/images/SD14/ood_0008448.jpg,1,aigc_bench_ext,SD14
corpora/aigc_bench_ext/images/SD14/ood_0008480.jpg,1,aigc_bench_ext,SD14
corpora/aigc_bench_ext/images/SD14/ood_0008512.jpg,1,aigc_bench_ext,SD14
corpora/aigc_bench_ext/images/SD14/ood_0008544.jpg,1,aigc_bench_ext,SD14
corpora/aigc_bench_ext/images/SD14/ood_0008576.jpg,1,aigc_bench_ext,SD14
corpora/aigc_bench_ext/images/SD14/ood_0008608.jpg,1,aigc_bench_ext,SD14
corpora/aigc_bench_ext/images/SD14/ood_0008640.jpg,1,aigc_bench_ext,SD14
corpora/aigc_bench_ext/images/SD14/ood_0008672.jpg,1,aigc_bench_ext,SD14
corpora/aigc_bench_ext/images/SD14/ood_0008704.jpg,1,aigc_bench_ext,SD14
corpora/aigc_bench_ext/images/SD14/ood_0008736.jpg,1,aigc_bench_ext,SD14
corpora/aigc_bench_ext/images/SD14/ood_0008768.jpg,1,aigc_bench_ext,SD14
corpora/aigc_bench_ext/images/SD14/ood_0008800.jpg,1,aigc_bench_ext,SD14
corpora/aigc_bench_ext/images/SD14/ood_0008832.jpg,1,aigc_bench_ext,SD14
corpora/aigc_bench_ext/images/SD14/ood_0008864.jpg,1,aigc_bench_ext,SD14
corpora/aigc_bench_ext/images/SD14/ood_0008896.jpg,1,aigc_bench_ext,SD14
corpora/aigc_bench_ext/images/SD14/ood_0008928.jpg,1,aigc_bench_ext,SD14
corpora/aigc_bench_ext/images/SD14/ood_0008960.jpg,1,aigc_bench_ext,SD14
corpora/aigc_bench_ext/images/SD14/ood_0008992.jpg,1,aigc_bench_ext,SD14
corpora/aigc_bench_ext/images/SD14/ood_0009024.jpg,1,aigc_bench_ext,SD14
corpora/aigc_bench_ext/images/SD14/ood_0009056.jpg,1,aigc_bench_ext,SD14
corpora/aigc_bench_ext/images/SD14/ood_0009088.jpg,1,aigc_bench_ext,SD14
corpora/aigc_bench_ext/images/SD14/ood_0009120.jpg,1,aigc_bench_ext,SD14
corpora/aigc_bench_ext/images/SD14/ood_0009152.jpg,1,aigc_bench_ext,SD14
corpora/aigc_bench_ext/images/SD14/ood_0009184.jpg,1,aigc_bench_ext,SD14
corpora/aigc_bench_ext/images/SD14/ood_0009216.jpg,1,aigc_bench_ext,SD14
corpora/aigc_bench_ext/images/SD14/ood_0009248.jpg,1,aigc_bench_ext,SD14
corpora/aigc_bench_ext/images/SD14/ood_0009280.jpg,1,aigc_bench_ext,SD14
corpora/aigc_bench_ext/images/SD14/ood_0009312.jpg,1,aigc_bench_ext,SD14
corpora/aigc_bench_ext/images/SD14/ood_0009344.jpg,1,aigc_bench_ext,SD14
corpora/aigc_bench_ext/images/SD14/ood_0009376.jpg,1,aigc_bench_ext,SD14
corpora/aigc_bench_ext/images/SD14/ood_0009408.jpg,1,aigc_bench_ext,SD14
corpora/aigc_bench_ext/images/SD14/ood_0009440.jpg,1,aigc_bench_ext,SD14
corpora/aigc_bench_ext/images/SD14/ood_0009472.jpg,1,aigc_bench_ext,SD14
corpora/aigc_bench_ext/images/SD14/ood_0009504.jpg,1,aigc_bench_ext,SD14
corpora/aigc_bench_ext/images/SD14/ood_0009536.jpg,1,aigc_bench_ext,SD14
corpora/aigc_bench_ext/images/SD14/ood_0009568.jpg,1,aigc_bench_ext,SD14
corpora/aigc_bench_ext/images/SD14/ood_0009600.jpg,1,aigc_bench_ext,SD14
corpora/aigc_bench_ext/images/SD14/ood_0009632.jpg,1,aigc_bench_ext,SD14
corpora/aigc_bench_ext/images/SD14/ood_0009664.jpg,1,aigc_bench_ext,SD14
corpora/aigc_bench_ext/images/SD14/ood_0009696.jpg,1,aigc_bench_ext,SD14
corpora/aigc_bench_ext/images/SD14/ood_0009728.jpg,1,aigc_bench_ext,SD14
corpora/aigc_bench_ext/images/SD14/ood_0009760.jpg,1,aigc_bench_ext,SD14
corpora/aigc_bench_ext/images/SD14/ood_0009792.jpg,1,aigc_bench_ext,SD14
corpora/aigc_bench_ext/images/SD14/ood_0009824.jpg,1,aigc_bench_ext,SD14
corpora/aigc_bench_ext/images/SD14/ood_0009856.jpg,1,aigc_bench_ext,SD14
corpora/aigc_bench_ext/images/SD14/ood_0009888.jpg,1,aigc_bench_ext,SD14
corpora/aigc_bench_ext/images/SD14/ood_0009920.jpg,1,aigc_bench_ext,SD14
corpora/aigc_bench_ext/images/SD14/ood_0009952.jpg,1,aigc_bench_ext,SD14
corpora/aigc_bench_ext/images/SD14/ood_0009984.jpg,1,aigc_bench_ext,SD14
corpora/aigc_bench_ext/images/SD14/ood_0010016.jpg,1,aigc_bench_ext,SD14
corpora/aigc_bench_ext/images/SD14/ood_0010048.jpg,1,aigc_bench_ext,SD14
corpora/aigc_bench_ext/images/SD14/ood_0010080.jpg,1,aigc_bench_ext,SD14
corpora/aigc_bench_ext/images/SD14/ood_0010112.jpg,1,aigc_bench_ext,SD14
corpora/aigc_bench_ext/images/SD14/ood_0010144.jpg,1,aigc_bench_ext,SD14
corpora/aigc_bench_ext/images/SD14/ood_0010176.jpg,1,aigc_bench_ext,SD14
corpora/aigc_bench_ext/images/SD14/ood_0010208.jpg,1,aigc_bench_ext,SD14
corpora/aigc_bench_ext/images/SD14/ood_0010240.jpg,1,aigc_bench_ext,SD14
corpora/aigc_bench_ext/images/SD14/ood_0010272.jpg,1,aigc_bench_ext,SD14
corpora/aigc_bench_ext/images/SD14/ood_0010304.jpg,1,aigc_bench_ext,SD14
corpora/aigc_bench_ext/images/SD14/ood_0010336.jpg,1,aigc_bench_ext,SD14
corpora/aigc_bench_ext/images/SD14/ood_0010368.jpg,1,aigc_bench_ext,SD14
corpora/aigc_bench_ext/images/SD14/ood_0010400.jpg,1,aigc_bench_ext,SD14
corpora/aigc_bench_ext/images/SD14/ood_0010432.jpg,1,aigc_bench_ext,SD14
corpora/aigc_bench_ext/images/SD14/ood_0010464.jpg,1,aigc_bench_ext,SD14
corpora/aigc_bench_ext/images/SD14/ood_0010496.jpg,1,aigc_bench_ext,SD14
corpora/aigc_bench_ext/images/SD14/ood_0010528.jpg,1,aigc_bench_ext,SD14
corpora/aigc_bench_ext/images/SD14/ood_0010560.jpg,1,aigc_bench_ext,SD14
corpora/aigc_bench_ext/images/SD14/ood_0010592.jpg,1,aigc_bench_ext,SD14
corpora/aigc_bench_ext/images/SD14/ood_0010624.jpg,1,aigc_bench_ext,SD14
corpora/aigc_bench_ext/images/SD14/ood_0010656.jpg,1,aigc_bench_ext,SD14
corpora/aigc_bench_ext/images/SD14/ood_0010688.jpg,1,aigc_bench_ext,SD14
corpora/aigc_bench_ext/images/SD14/ood_0010720.jpg,1,aigc_bench_ext,SD14
corpora/aigc_bench_ext/images/SD14/ood_0010752.jpg,1,aigc_bench_ext,SD14
corpora/aigc_bench_ext/images/SD14/ood_0010784.jpg,1,aigc_bench_ext,SD14
corpora/aigc_bench_ext/images/SD14/ood_0010816.jpg,1,aigc_bench_ext,SD14
corpora/aigc_bench_ext/images/SD14/ood_0010848.jpg,1,aigc_bench_ext,SD14
corpora/aigc_bench_ext/images/SD14/ood_0010880.jpg,1,aigc_bench_ext,SD14
corpora/aigc_bench_ext/images/SD14/ood_0010912.jpg,1,aigc_bench_ext,SD14
corpora/aigc_bench_ext/images/SD14/ood_0010944.jpg,1,aigc_bench_ext,SD14
corpora/aigc_bench_ext/images/SD14/ood_0010976.jpg,1,aigc_bench_ext,SD14
corpora/aigc_bench_ext/images/SD14/ood_0011008.jpg,1,aigc_bench_ext,SD14
corpora/aigc_bench_ext/images/SD14/ood_0011040.jpg,1,aigc_bench_ext,SD14
corpora/aigc_bench_ext/images/SD14/ood_0011072.jpg,1,aigc_bench_ext,SD14
corpora/aigc_bench_ext/images/SD14/ood_0011104.jpg,1,aigc_bench_ext,SD14
corpora/aigc_bench_ext/images/SD14/ood_0011136.jpg,1,aigc_bench_ext,SD14
corpora/aigc_bench_ext/images/SD14/ood_0011168.jpg,1,aigc_bench_ext,SD14
corpora/aigc_bench_ext/images/SD14/ood_0011200.jpg,1,aigc_bench_ext,SD14
corpora/aigc_bench_ext/images/SD14/ood_0011232.jpg,1,aigc_bench_ext,SD14
corpora/aigc_bench_ext/images/SD14/ood_0011264.jpg,1,aigc_bench_ext,SD14
corpora/aigc_bench_ext/images/SD14/ood_0011296.jpg,1,aigc_bench_ext,SD14
corpora/aigc_bench_ext/images/SD14/ood_0011328.jpg,1,aigc_bench_ext,SD14
corpora/aigc_bench_ext/images/SD14/ood_0011360.jpg,1,aigc_bench_ext,SD14
corpora/aigc_bench_ext/images/SD14/ood_0011392.jpg,1,aigc_bench_ext,SD14
corpora/aigc_bench_ext/images/SD14/ood_0011424.jpg,1,aigc_bench_ext,SD14
corpora/aigc_bench_ext/images/SD14/ood_0011456.jpg,1,aigc_bench_ext,SD14
corpora/aigc_bench_ext/images/SD14/ood_0011488.jpg,1,aigc_bench_ext,SD14
corpora/aigc_bench_ext/images/SD14/ood_0011520.jpg,1,aigc_bench_ext,SD14
corpora/aigc_bench_ext/images/SD14/ood_0011552.jpg,1,aigc_bench_ext,SD14
corpora/aigc_bench_ext/images/SD14/ood_0011584.jpg,1,aigc_bench_ext,SD14
corpora/aigc_bench_ext/images/SD14/ood_0011616.jpg,1,aigc_bench_ext,SD14
corpora/aigc_bench_ext/images/SD14/ood_0011648.jpg,1,aigc_bench_ext,SD14
corpora/aigc_bench_ext/images/SD14/ood_0011680.jpg,1,aigc_bench_ext,SD14
corpora/aigc_bench_ext/images/SD14/ood_0011712.jpg,1,aigc_bench_ext,SD14
corpora/aigc_bench_ext/images/SD14/ood_0011744.jpg,1,aigc_bench_ext,SD14
corpora/aigc_bench_ext/images/SD14/ood_0011776.jpg,1,aigc_bench_ext,SD14
corpora/aigc_bench_ext/images/SD14/ood_0011808.jpg,1,aigc_bench_ext,SD14
corpora/aigc_bench_ext/images/SD14/ood_0011840.jpg,1,aigc_bench_ext,SD14
corpora/aigc_bench_ext/images/SD14/ood_0011872.jpg,1,aigc_bench_ext,SD14
corpora/aigc_bench_ext/images/SD14/ood_0011904.jpg,1,aigc_bench_ext,SD14
corpora/aigc_bench_ext/images/SD14/ood_0011936.jpg,1,aigc_bench_ext,SD14
corpora/aigc_bench_ext/images/SD14/ood_0011968.jpg,1,aigc_bench_ext,SD14
corpora/aigc_bench_ext/images/SD14/ood_0012000.jpg,1,aigc_bench_ext,SD14
corpora/aigc_bench_ext/images/SD14/ood_0012032.jpg,1,aigc_bench_ext,SD14
corpora/aigc_bench_ext/images/SD14/ood_0012064.jpg,1,aigc_bench_ext,SD14
corpora/aigc_bench_ext/images/SD14/ood_0012096.jpg,1,aigc_bench_ext,SD14
corpora/aigc_bench_ext/images/SD14/ood_0012128.jpg,1,aigc_bench_ext,SD14
corpora/aigc_bench_ext/images/SD14/ood_0012160.jpg,1,aigc_bench_ext,SD14
corpora/aigc_bench_ext/images/SD14/ood_0012192.jpg,1,aigc_bench_ext,SD14
corpora/aigc_bench_ext/images/SD14/ood_0012224.jpg,1,aigc_bench_ext,SD14
corpora/aigc_bench_ext/images/SD14/ood_0012256.jpg,1,aigc_bench_ext,SD14
corpora/aigc_bench_ext/images/SD14/ood_0012288.jpg,1,aigc_bench_ext,SD14
corpora/aigc_bench_ext/images/SD14/ood_0012320.jpg,1,aigc_bench_ext,SD14
corpora/aigc_bench_ext/images/SD14/ood_0012352.jpg,1,aigc_bench_ext,SD14
corpora/aigc_bench_ext/images/SD14/ood_0012384.jpg,1,aigc_bench_ext,SD14
corpora/aigc_bench_ext/images/SD14/ood_0012416.jpg,1,aigc_bench_ext,SD14
corpora/aigc_bench_ext/images/SD14/ood_0012448.jpg,1,aigc_bench_ext,SD14
corpora/aigc_bench_ext/images/SD14/ood_0012480.jpg,1,aigc_bench_ext,SD14
corpora/aigc_bench_ext/images/SD14/ood_0012512.jpg,1,aigc_bench_ext,SD14
corpora/aigc_bench_ext/images/SD14/ood_0012544.jpg,1,aigc_bench_ext,SD14
corpora/aigc_bench_ext/images/SD14/ood_0012576.jpg,1,aigc_bench_ext,SD14
corpora/aigc_bench_ext/images/SD14/ood_0012608.jpg,1,aigc_bench_ext,SD14
corpora/aigc_bench_ext/images/SD14/ood_0012640.jpg,1,aigc_bench_ext,SD14
corpora/aigc_bench_ext/images/SD14/ood_0012672.jpg,1,aigc_bench_ext,SD14
corpora/aigc_bench_ext/images/SD14/ood_0012704.jpg,1,aigc_bench_ext,SD14
corpora/aigc_bench_ext/images/SD14/ood_0012736.jpg,1,aigc_bench_ext,SD14
corpora/aigc_bench_ext/images/SD14/ood_0012768.jpg,1,aigc_bench_ext,SD14
corpora/aigc_bench_ext/images/SD14/ood_0012800.jpg,1,aigc_bench_ext,SD14
corpora/aigc_bench_ext/images/SD14/ood_0012832.jpg,1,aigc_bench_ext,SD14
corpora/aigc_bench_ext/images/SD14/ood_0012864.jpg,1,aigc_bench_ext,SD14
corpora/aigc_bench_ext/images/SD14/ood_0012896.jpg,1,aigc_bench_ext,SD14
corpora/aigc_bench_ext/images/SD14/ood_0012928.jpg,1,aigc_bench_ext,SD14
corpora/aigc_bench_ext/images/SD14/ood_0012960.jpg,1,aigc_bench_ext,SD14
corpora/aigc_bench_ext/images/SD14/ood_0012992.jpg,1,aigc_bench_ext,SD14
corpora/aigc_bench_ext/images/SD14/ood_0013024.jpg,1,aigc_bench_ext,SD14
corpora/aigc_bench_ext/images/SD14/ood_0013056.jpg,1,aigc_bench_ext,SD14
corpora/aigc_bench_ext/images/SD14/ood_0013088.jpg,1,aigc_bench_ext,SD14
corpora/aigc_bench_ext/images/SD14/ood_0013120.jpg,1,aigc_bench_ext,SD14
corpora/aigc_bench_ext/images/SD14/ood_0013152.jpg,1,aigc_bench_ext,SD14
corpora/aigc_bench_ext/images/SD14/ood_0013184.jpg,1,aigc_bench_ext,SD14
corpora/aigc_bench_ext/images/SD14/ood_0013216.jpg,1,aigc_bench_ext,SD14
corpora/aigc_bench_ext/images/SD14/ood_0013248.jpg,1,aigc_bench_ext,SD14
corpora/aigc_bench_ext/images/SD14/ood_0013280.jpg,1,aigc_bench_ext,SD14
corpora/aigc_bench_ext/images/SD14/ood_0013312.jpg,1,aigc_bench_ext,SD14
corpora/aigc_bench_ext/images/SD14/ood_0013344.jpg,1,aigc_bench_ext,SD14
corpora/aigc_bench_ext/images/SD14/ood_0013376.jpg,1,aigc_bench_ext,SD14
corpora/aigc_bench_ext/images/SD14/ood_0013408.jpg,1,aigc_bench_ext,SD14
corpora/aigc_bench_ext/images/SD14/ood_0013440.jpg,1,aigc_bench_ext,SD14
corpora/aigc_bench_ext/images/SD14/ood_0013472.jpg,1,aigc_bench_ext,SD14
corpora/aigc_bench_ext/images/SD14/ood_0013504.jpg,1,aigc_bench_ext,SD14
corpora/aigc_bench_ext/images/SD14/ood_0013536.jpg,1,aigc_bench_ext,SD14
corpora/aigc_bench_ext/images/SD14/ood_0013568.jpg,1,aigc_bench_ext,SD14
corpora/aigc_bench_ext/images/SD14/ood_0013600.jpg,1,aigc_bench_ext,SD14
corpora/aigc_bench_ext/images/SD14/ood_0013632.jpg,1,aigc_bench_ext,SD14
corpora/aigc_bench_ext/images/SD14/ood_0013664.jpg,1,aigc_bench_ext,SD14
corpora/aigc_bench_ext/images/SD14/ood_0013696.jpg,1,aigc_bench_ext,SD14
corpora/aigc_bench_ext/images/SD14/ood_0013728.jpg,1,aigc_bench_ext,SD14
corpora/aigc_bench_ext/images/SD14/ood_0013760.jpg,1,aigc_bench_ext,SD14
corpora/aigc_bench_ext/images/SD14/ood_0013792.jpg,1,aigc_bench_ext,SD14
corpora/aigc_bench_ext/images/SD14/ood_0013824.jpg,1,aigc_bench_ext,SD14
corpora/aigc_bench_ext/images/SD14/ood_0013856.jpg,1,aigc_bench_ext,SD14
corpora/aigc_bench_ext/images/SD14/ood_0013888.jpg,1,aigc_bench_ext,SD14
corpora/aigc_bench_ext/images/SD14/ood_0013920.jpg,1,aigc_bench_ext,SD14
corpora/aigc_bench_ext/images/SD14/ood_0013952.jpg,1,aigc_bench_ext,SD14
corpora/aigc_bench_ext/images/SD14/ood_0013984.jpg,1,aigc_bench_ext,SD14
corpora/aigc_bench_ext/images/SD14/ood_0014016.jpg,1,aigc_bench_ext,SD14
corpora/aigc_bench_ext/images/SD14/ood_0014048.jpg,1,aigc_bench_ext,SD14
corpora/aigc_bench_ext/images/SD14/ood_0014080.jpg,1,aigc_bench_ext,SD14
corpora/aigc_bench_ext/images/SD14/ood_0014112.jpg,1,aigc_bench_ext,SD14
corpora/aigc_bench_ext/images/SD14/ood_0014144.jpg,1,aigc_bench_ext,SD14
corpora/aigc_bench_ext/images/SD14/ood_0014176.jpg,1,aigc_bench_ext,SD14
corpora/aigc_bench_ext/images/SD14/ood_0014208.jpg,1,aigc_bench_ext,SD14
corpora/aigc_bench_ext/images/SD14/ood_0014240.jpg,1,aigc_bench_ext,SD14
corpora/aigc_bench_ext/images/SD14/ood_0014272.jpg,1,aigc_bench_ext,SD14
corpora/aigc_bench_ext/images/SD14/ood_0014304.jpg,1,aigc_bench_ext,SD14
corpora/aigc_bench_ext/images/SD14/ood_0014336.jpg,1,aigc_bench_ext,SD14
corpora/aigc_bench_ext/images/SD14/ood_0014368.jpg,1,aigc_bench_ext,SD14
corpora/aigc_bench_ext/images/SD14/ood_0014400.jpg,1,aigc_bench_ext,SD14
corpora/aigc_bench_ext/images/SD14/ood_0014432.jpg,1,aigc_bench_ext,SD14
corpora/aigc_bench_ext/images/SD14/ood_0014464.jpg,1,aigc_bench_ext,SD14
corpora/aigc_bench_ext/images/SD14/ood_0014496.jpg,1,aigc_bench_ext,SD14
corpora/aigc_bench_ext/images/SD14/ood_0014528.jpg,1,aigc_bench_ext,SD14
corpora/aigc_bench_ext/images/SD14/ood_0014560.jpg,1,aigc_bench_ext,SD14
corpora/aigc_bench_ext/images/SD14/ood_0014592.jpg,1,aigc_bench_ext,SD14
corpora/aigc_bench_ext/images/SD14/ood_0014624.jpg,1,aigc_bench_ext,SD14
corpora/aigc_bench_ext/images/SD14/ood_0014656.jpg,1,aigc_bench_ext,SD14
corpora/aigc_bench_ext/images/SD14/ood_0014688.jpg,1,aigc_bench_ext,SD14
corpora/aigc_bench_ext/images/SD14/ood_0014720.jpg,1,aigc_bench_ext,SD14
corpora/aigc_bench_ext/images/SD14/ood_0014752.jpg,1,aigc_bench_ext,SD14
corpora/aigc_bench_ext/images/SD14/ood_0014784.jpg,1,aigc_bench_ext,SD14
corpora/aigc_bench_ext/images/SD14/ood_0014816.jpg,1,aigc_bench_ext,SD14
corpora/aigc_bench_ext/images/SD14/ood_0014848.jpg,1,aigc_bench_ext,SD14
corpora/aigc_bench_ext/images/SD14/ood_0014880.jpg,1,aigc_bench_ext,SD14
corpora/aigc_bench_ext/images/SD14/ood_0014912.jpg,1,aigc_bench_ext,SD14
corpora/aigc_bench_ext/images/SD14/ood_0014944.jpg,1,aigc_bench_ext,SD14
corpora/aigc_bench_ext/images/SD14/ood_0014976.jpg,1,aigc_bench_ext,SD14
corpora/aigc_bench_ext/images/SD14/ood_0015008.jpg,1,aigc_bench_ext,SD14
corpora/aigc_bench_ext/images/SD14/ood_0015040.jpg,1,aigc_bench_ext,SD14
corpora/aigc_bench_ext/images/SD14/ood_0015072.jpg,1,aigc_bench_ext,SD14
corpora/aigc_bench_ext/images/SD14/ood_0015104.jpg,1,aigc_bench_ext,SD14
corpora/aigc_bench_ext/images/SD14/ood_0015136.jpg,1,aigc_bench_ext,SD14
corpora/aigc_bench_ext/images/SD14/ood_0015168.jpg,1,aigc_bench_ext,SD14
corpora/aigc_bench_ext/images/SD14/ood_0015200.jpg,1,aigc_bench_ext,SD14
corpora/aigc_bench_ext/images/SD14/ood_0015232.jpg,1,aigc_bench_ext,SD14
corpora/aigc_bench_ext/images/SD14/ood_0015264.jpg,1,aigc_bench_ext,SD14
corpora/aigc_bench_ext/images/SD14/ood_0015296.jpg,1,aigc_bench_ext,SD14
corpora/aigc_bench_ext/images/SD14/ood_0015328.jpg,1,aigc_bench_ext,SD14
corpora/aigc_bench_ext/images/SD14/ood_0015360.jpg,1,aigc_bench_ext,SD14
corpora/aigc_bench_ext/images/SD14/ood_0015392.jpg,1,aigc_bench_ext,SD14
corpora/aigc_bench_ext/images/SD14/ood_0015424.jpg,1,aigc_bench_ext,SD14
corpora/aigc_bench_ext/images/SD14/ood_0015456.jpg,1,aigc_bench_ext,SD14
corpora/aigc_bench_ext/images/SD14/ood_0015488.jpg,1,aigc_bench_ext,SD14
corpora/aigc_bench_ext/images/SD14/ood_0015520.jpg,1,aigc_bench_ext,SD14
corpora/aigc_bench_ext/images/SD14/ood_0015552.jpg,1,aigc_bench_ext,SD14
corpora/aigc_bench_ext/images/SD14/ood_0015584.jpg,1,aigc_bench_ext,SD14
corpora/aigc_bench_ext/images/SD14/ood_0015616.jpg,1,aigc_bench_ext,SD14
corpora/aigc_bench_ext/images/SD14/ood_0015648.jpg,1,aigc_bench_ext,SD14
corpora/aigc_bench_ext/images/SD14/ood_0015680.jpg,1,aigc_bench_ext,SD14
corpora/aigc_bench_ext/images/SD14/ood_0015712.jpg,1,aigc_bench_ext,SD14
corpora/aigc_bench_ext/images/SD14/ood_0015744.jpg,1,aigc_bench_ext,SD14
corpora/aigc_bench_ext/images/SD14/ood_0015776.jpg,1,aigc_bench_ext,SD14
corpora/aigc_bench_ext/images/SD14/ood_0015808.jpg,1,aigc_bench_ext,SD14
corpora/aigc_bench_ext/images/SD14/ood_0015840.jpg,1,aigc_bench_ext,SD14
corpora/aigc_bench_ext/images/SD14/ood_0015872.jpg,1,aigc_bench_ext,SD14
corpora/aigc_bench_ext/images/SD14/ood_0015904.jpg,1,aigc_bench_ext,SD14
corpora/aigc_bench_ext/images/SD14/ood_0015936.jpg,1,aigc_bench_ext,SD14
corpora/aigc_bench_ext/images/SD14/ood_0015968.jpg,1,aigc_bench_ext,SD14
corpora/aigc_bench_ext/images/SD14/ood_0016000.jpg,1,aigc_bench_ext,SD14
corpora/aigc_bench_ext/images/SD14/ood_0016032.jpg,1,aigc_bench_ext,SD14
corpora/aigc_bench_ext/images/SD14/ood_0016064.jpg,1,aigc_bench_ext,SD14
corpora/aigc_bench_ext/images/SD14/ood_0016096.jpg,1,aigc_bench_ext,SD14
corpora/aigc_bench_ext/images/SD14/ood_0016128.jpg,1,aigc_bench_ext,SD14
corpora/aigc_bench_ext/images/SD14/ood_0016160.jpg,1,aigc_bench_ext,SD14
corpora/aigc_bench_ext/images/SD14/ood_0016192.jpg,1,aigc_bench_ext,SD14
corpora/aigc_bench_ext/images/SD14/ood_0016224.jpg,1,aigc_bench_ext,SD14
corpora/aigc_bench_ext/images/SD14/ood_0016256.jpg,1,aigc_bench_ext,SD14
corpora/aigc_bench_ext/images/SD14/ood_0016288.jpg,1,aigc_bench_ext,SD14
corpora/aigc_bench_ext/images/SD14/ood_0016320.jpg,1,aigc_bench_ext,SD14
corpora/aigc_bench_ext/images/SD14/ood_0016352.jpg,1,aigc_bench_ext,SD14
corpora/aigc_bench_ext/images/SD14/ood_0016384.jpg,1,aigc_bench_ext,SD14
corpora/aigc_bench_ext/images/SD14/ood_0016416.jpg,1,aigc_bench_ext,SD14
corpora/aigc_bench_ext/images/SD14/ood_0016448.jpg,1,aigc_bench_ext,SD14
corpora/aigc_bench_ext/images/SD14/ood_0016480.jpg,1,aigc_bench_ext,SD14
corpora/aigc_bench_ext/images/SD14/ood_0016512.jpg,1,aigc_bench_ext,SD14
corpora/aigc_bench_ext/images/SD14/ood_0016544.jpg,1,aigc_bench_ext,SD14
corpora/aigc_bench_ext/images/SD14/ood_0016576.jpg,1,aigc_bench_ext,SD14
corpora/aigc_bench_ext/images/SD14/ood_0016608.jpg,1,aigc_bench_ext,SD14
corpora/aigc_bench_ext/images/SD14/ood_0016640.jpg,1,aigc_bench_ext,SD14
corpora/aigc_bench_ext/images/SD14/ood_0016672.jpg,1,aigc_bench_ext,SD14
corpora/aigc_bench_ext/images/SD14/ood_0016704.jpg,1,aigc_bench_ext,SD14
corpora/aigc_bench_ext/images/SD14/ood_0016736.jpg,1,aigc_bench_ext,SD14
corpora/aigc_bench_ext/images/SD14/ood_0016768.jpg,1,aigc_bench_ext,SD14
corpora/aigc_bench_ext/images/SD14/ood_0016800.jpg,1,aigc_bench_ext,SD14
corpora/aigc_bench_ext/images/SD14/ood_0016832.jpg,1,aigc_bench_ext,SD14
corpora/aigc_bench_ext/images/SD14/ood_0016864.jpg,1,aigc_bench_ext,SD14
corpora/aigc_bench_ext/images/SD14/ood_0016896.jpg,1,aigc_bench_ext,SD14
corpora/aigc_bench_ext/images/SD14/ood_0016928.jpg,1,aigc_bench_ext,SD14
corpora/aigc_bench_ext/images/SD14/ood_0016960.jpg,1,aigc_bench_ext,SD14
corpora/aigc_bench_ext/images/SD14/ood_0016992.jpg,1,aigc_bench_ext,SD14
corpora/aigc_bench_ext/images/SD14/ood_0017024.jpg,1,aigc_bench_ext,SD14
corpora/aigc_bench_ext/images/SD14/ood_0017056.jpg,1,aigc_bench_ext,SD14
corpora/aigc_bench_ext/images/SD14/ood_0017088.jpg,1,aigc_bench_ext,SD14
corpora/aigc_bench_ext/images/SD14/ood_0017120.jpg,1,aigc_bench_ext,SD14
corpora/aigc_bench_ext/images/SD14/ood_0017152.jpg,1,aigc_bench_ext,SD14
corpora/aigc_bench_ext/images/SD14/ood_0017184.jpg,1,aigc_bench_ext,SD14
corpora/aigc_bench_ext/images/SD14/ood_0017216.jpg,1,aigc_bench_ext,SD14
corpora/aigc_bench_ext/images/SD14/ood_0017248.jpg,1,aigc_bench_ext,SD14
corpora/aigc_bench_ext/images/SD14/ood_0017280.jpg,1,aigc_bench_ext,SD14
corpora/aigc_bench_ext/images/SD14/ood_0017312.jpg,1,aigc_bench_ext,SD14
corpora/aigc_bench_ext/images/SD14/ood_0017344.jpg,1,aigc_bench_ext,SD14
corpora/aigc_bench_ext/images/SD14/ood_0017376.jpg,1,aigc_bench_ext,SD14
corpora/aigc_bench_ext/images/SD14/ood_0017408.jpg,1,aigc_bench_ext,SD14
corpora/aigc_bench_ext/images/SD14/ood_0017440.jpg,1,aigc_bench_ext,SD14
corpora/aigc_bench_ext/images/SD14/ood_0017472.jpg,1,aigc_bench_ext,SD14
corpora/aigc_bench_ext/images/SD14/ood_0017504.jpg,1,aigc_bench_ext,SD14
corpora/aigc_bench_ext/images/SD14/ood_0017536.jpg,1,aigc_bench_ext,SD14
corpora/aigc_bench_ext/images/SD14/ood_0017568.jpg,1,aigc_bench_ext,SD14
corpora/aigc_bench_ext/images/SD14/ood_0017600.jpg,1,aigc_bench_ext,SD14
corpora/aigc_bench_ext/images/SD14/ood_0017632.jpg,1,aigc_bench_ext,SD14
corpora/aigc_bench_ext/images/SD14/ood_0017664.jpg,1,aigc_bench_ext,SD14
corpora/aigc_bench_ext/images/SD14/ood_0017696.jpg,1,aigc_bench_ext,SD14
corpora/aigc_bench_ext/images/SD14/ood_0017728.jpg,1,aigc_bench_ext,SD14
corpora/aigc_bench_ext/images/SD14/ood_0017760.jpg,1,aigc_bench_ext,SD14
corpora/aigc_bench_ext/images/SD14/ood_0017792.jpg,1,aigc_bench_ext,SD14
corpora/aigc_bench_ext/images/SD14/ood_0017824.jpg,1,aigc_bench_ext,SD14
corpora/aigc_bench_ext/images/SD14/ood_0017856.jpg,1,aigc_bench_ext,SD14
corpora/aigc_bench_ext/images/SD14/ood_0017888.jpg,1,aigc_bench_ext,SD14
corpora/aigc_bench_ext/images/SD14/ood_0017920.jpg,1,aigc_bench_ext,SD14
corpora/aigc_bench_ext/images/SD14/ood_0017952.jpg,1,aigc_bench_ext,SD14
corpora/aigc_bench_ext/images/SD14/ood_0017984.jpg,1,aigc_bench_ext,SD14
corpora/aigc_bench_ext/images/SD14/ood_0018016.jpg,1,aigc_bench_ext,SD14
corpora/aigc_bench_ext/images/SD14/ood_0018048.jpg,1,aigc_bench_ext,SD14
corpora/aigc_bench_ext/images/SD14/ood_0018080.jpg,1,aigc_bench_ext,SD14
corpora/aigc_bench_ext/images/SD14/ood_0018112.jpg,1,aigc_bench_ext,SD14
corpora/aigc_bench_ext/images/SD14/ood_0018144.jpg,1,aigc_bench_ext,SD14
corpora/aigc_bench_ext/images/SD14/ood_0018176.jpg,1,aigc_bench_ext,SD14
corpora/aigc_bench_ext/images/SD14/ood_0018208.jpg,1,aigc_bench_ext,SD14
corpora/aigc_bench_ext/images/SD14/ood_0018240.jpg,1,aigc_bench_ext,SD14
corpora/aigc_bench_ext/images/SD14/ood_0018272.jpg,1,aigc_bench_ext,SD14
corpora/aigc_bench_ext/images/SD14/ood_0018304.jpg,1,aigc_bench_ext,SD14
corpora/aigc_bench_ext/images/SD14/ood_0018336.jpg,1,aigc_bench_ext,SD14
corpora/aigc_bench_ext/images/SD14/ood_0018368.jpg,1,aigc_bench_ext,SD14
corpora/aigc_bench_ext/images/SD14/ood_0018400.jpg,1,aigc_bench_ext,SD14
corpora/aigc_bench_ext/images/SD14/ood_0018432.jpg,1,aigc_bench_ext,SD14
corpora/aigc_bench_ext/images/SD14/ood_0018464.jpg,1,aigc_bench_ext,SD14
corpora/aigc_bench_ext/images/SD14/ood_0018496.jpg,1,aigc_bench_ext,SD14
corpora/aigc_bench_ext/images/SD14/ood_0018528.jpg,1,aigc_bench_ext,SD14
corpora/aigc_bench_ext/images/SD14/ood_0018560.jpg,1,aigc_bench_ext,SD14
corpora/aigc_bench_ext/images/SD14/ood_0018592.jpg,1,aigc_bench_ext,SD14
corpora/aigc_bench_ext/images/SD14/ood_0018624.jpg,1,aigc_bench_ext,SD14
corpora/aigc_bench_ext/images/SD14/ood_0018656.jpg,1,aigc_bench_ext,SD14
corpora/aigc_bench_ext/images/SD14/ood_0018688.jpg,1,aigc_bench_ext,SD14
corpora/aigc_bench_ext/images/SD14/ood_0018720.jpg,1,aigc_bench_ext,SD14
corpora/aigc_bench_ext/images/SD14/ood_0018752.jpg,1,aigc_bench_ext,SD14
corpora/aigc_bench_ext/images/SDXL/ood_0008420.jpg,1,aigc_bench_ext,SDXL
corpora/aigc_bench_ext/images/SDXL/ood_0008452.jpg,1,aigc_bench_ext,SDXL
corpora/aigc_bench_ext/images/SDXL/ood_0008484.jpg,1,aigc_bench_ext,SDXL
corpora/aigc_bench_ext/images/SDXL/ood_0008516.jpg,1,aigc_bench_ext,SDXL
corpora/aigc_bench_ext/images/SDXL/ood_0008548.jpg,1,aigc_bench_ext,SDXL
corpora/aigc_bench_ext/images/SDXL/ood_0008580.jpg,1,aigc_bench_ext,SDXL
corpora/aigc_bench_ext/images/SDXL/ood_0008612.jpg,1,aigc_bench_ext,SDXL
corpora/aigc_bench_ext/images/SDXL/ood_0008644.jpg,1,aigc_bench_ext,SDXL
corpora/aigc_bench_ext/images/SDXL/ood_0008676.jpg,1,aigc_bench_ext,SDXL
corpora/aigc_bench_ext/images/SDXL/ood_0008708.jpg,1,aigc_bench_ext,SDXL
corpora/aigc_bench_ext/images/SDXL/ood_0008740.jpg,1,aigc_bench_ext,SDXL
corpora/aigc_bench_ext/images/SDXL/ood_0008772.jpg,1,aigc_bench_ext,SDXL
corpora/aigc_bench_ext/images/SDXL/ood_0008804.jpg,1,aigc_bench_ext,SDXL
corpora/aigc_bench_ext/images/SDXL/ood_0008836.jpg,1,aigc_bench_ext,SDXL
corpora/aigc_bench_ext/images/SDXL/ood_0008868.jpg,1,aigc_bench_ext,SDXL
corpora/aigc_bench_ext/images/SDXL/ood_0008900.jpg,1,aigc_bench_ext,SDXL
corpora/aigc_bench_ext/images/SDXL/ood_0008932.jpg,1,aigc_bench_ext,SDXL
corpora/aigc_bench_ext/images/SDXL/ood_0008964.jpg,1,aigc_bench_ext,SDXL
corpora/aigc_bench_ext/images/SDXL/ood_0008996.jpg,1,aigc_bench_ext,SDXL
corpora/aigc_bench_ext/images/SDXL/ood_0009028.jpg,1,aigc_bench_ext,SDXL
corpora/aigc_bench_ext/images/SDXL/ood_0009060.jpg,1,aigc_bench_ext,SDXL
corpora/aigc_bench_ext/images/SDXL/ood_0009092.jpg,1,aigc_bench_ext,SDXL
corpora/aigc_bench_ext/images/SDXL/ood_0009124.jpg,1,aigc_bench_ext,SDXL
corpora/aigc_bench_ext/images/SDXL/ood_0009156.jpg,1,aigc_bench_ext,SDXL
corpora/aigc_bench_ext/images/SDXL/ood_0009188.jpg,1,aigc_bench_ext,SDXL
corpora/aigc_bench_ext/images/SDXL/ood_0009220.jpg,1,aigc_bench_ext,SDXL
corpora/aigc_bench_ext/images/SDXL/ood_0009252.jpg,1,aigc_bench_ext,SDXL
corpora/aigc_bench_ext/images/SDXL/ood_0009284.jpg,1,aigc_bench_ext,SDXL
corpora/aigc_bench_ext/images/SDXL/ood_0009316.jpg,1,aigc_bench_ext,SDXL
corpora/aigc_bench_ext/images/SDXL/ood_0009348.jpg,1,aigc_bench_ext,SDXL
corpora/aigc_bench_ext/images/SDXL/ood_0009380.jpg,1,aigc_bench_ext,SDXL
corpora/aigc_bench_ext/images/SDXL/ood_0009412.jpg,1,aigc_bench_ext,SDXL
corpora/aigc_bench_ext/images/SDXL/ood_0009444.jpg,1,aigc_bench_ext,SDXL
corpora/aigc_bench_ext/images/SDXL/ood_0009476.jpg,1,aigc_bench_ext,SDXL
corpora/aigc_bench_ext/images/SDXL/ood_0009508.jpg,1,aigc_bench_ext,SDXL
corpora/aigc_bench_ext/images/SDXL/ood_0009540.jpg,1,aigc_bench_ext,SDXL
corpora/aigc_bench_ext/images/SDXL/ood_0009572.jpg,1,aigc_bench_ext,SDXL
corpora/aigc_bench_ext/images/SDXL/ood_0009604.jpg,1,aigc_bench_ext,SDXL
corpora/aigc_bench_ext/images/SDXL/ood_0009636.jpg,1,aigc_bench_ext,SDXL
corpora/aigc_bench_ext/images/SDXL/ood_0009668.jpg,1,aigc_bench_ext,SDXL
corpora/aigc_bench_ext/images/SDXL/ood_0009700.jpg,1,aigc_bench_ext,SDXL
corpora/aigc_bench_ext/images/SDXL/ood_0009732.jpg,1,aigc_bench_ext,SDXL
corpora/aigc_bench_ext/images/SDXL/ood_0009764.jpg,1,aigc_bench_ext,SDXL
corpora/aigc_bench_ext/images/SDXL/ood_0009796.jpg,1,aigc_bench_ext,SDXL
corpora/aigc_bench_ext/images/SDXL/ood_0009828.jpg,1,aigc_bench_ext,SDXL
corpora/aigc_bench_ext/images/SDXL/ood_0009860.jpg,1,aigc_bench_ext,SDXL
corpora/aigc_bench_ext/images/SDXL/ood_0009892.jpg,1,aigc_bench_ext,SDXL
corpora/aigc_bench_ext/images/SDXL/ood_0009924.jpg,1,aigc_bench_ext,SDXL
corpora/aigc_bench_ext/images/SDXL/ood_0009956.jpg,1,aigc_bench_ext,SDXL
corpora/aigc_bench_ext/images/SDXL/ood_0009988.jpg,1,aigc_bench_ext,SDXL
corpora/aigc_bench_ext/images/SDXL/ood_0010020.jpg,1,aigc_bench_ext,SDXL
corpora/aigc_bench_ext/images/SDXL/ood_0010052.jpg,1,aigc_bench_ext,SDXL
corpora/aigc_bench_ext/images/SDXL/ood_0010084.jpg,1,aigc_bench_ext,SDXL
corpora/aigc_bench_ext/images/SDXL/ood_0010116.jpg,1,aigc_bench_ext,SDXL
corpora/aigc_bench_ext/images/SDXL/ood_0010148.jpg,1,aigc_bench_ext,SDXL
corpora/aigc_bench_ext/images/SDXL/ood_0010180.jpg,1,aigc_bench_ext,SDXL
corpora/aigc_bench_ext/images/SDXL/ood_0010212.jpg,1,aigc_bench_ext,SDXL
corpora/aigc_bench_ext/images/SDXL/ood_0010244.jpg,1,aigc_bench_ext,SDXL
corpora/aigc_bench_ext/images/SDXL/ood_0010276.jpg,1,aigc_bench_ext,SDXL
corpora/aigc_bench_ext/images/SDXL/ood_0010308.jpg,1,aigc_bench_ext,SDXL
corpora/aigc_bench_ext/images/SDXL/ood_0010340.jpg,1,aigc_bench_ext,SDXL
corpora/aigc_bench_ext/images/SDXL/ood_0010372.jpg,1,aigc_bench_ext,SDXL
corpora/aigc_bench_ext/images/SDXL/ood_0010404.jpg,1,aigc_bench_ext,SDXL
corpora/aigc_bench_ext/images/SDXL/ood_0010436.jpg,1,aigc_bench_ext,SDXL
corpora/aigc_bench_ext/images/SDXL/ood_0010468.jpg,1,aigc_bench_ext,SDXL
corpora/aigc_bench_ext/images/SDXL/ood_0010500.jpg,1,aigc_bench_ext,SDXL
corpora/aigc_bench_ext/images/SDXL/ood_0010532.jpg,1,aigc_bench_ext,SDXL
corpora/aigc_bench_ext/images/SDXL/ood_0010564.jpg,1,aigc_bench_ext,SDXL
corpora/aigc_bench_ext/images/SDXL/ood_0010596.jpg,1,aigc_bench_ext,SDXL
corpora/aigc_bench_ext/images/SDXL/ood_0010628.jpg,1,aigc_bench_ext,SDXL
corpora/aigc_bench_ext/images/SDXL/ood_0010660.jpg,1,aigc_bench_ext,SDXL
corpora/aigc_bench_ext/images/SDXL/ood_0010692.jpg,1,aigc_bench_ext,SDXL
corpora/aigc_bench_ext/images/SDXL/ood_0010724.jpg,1,aigc_bench_ext,SDXL
corpora/aigc_bench_ext/images/SDXL/ood_0010756.jpg,1,aigc_bench_ext,SDXL
corpora/aigc_bench_ext/images/SDXL/ood_0010788.jpg,1,aigc_bench_ext,SDXL
corpora/aigc_bench_ext/images/SDXL/ood_0010820.jpg,1,aigc_bench_ext,SDXL
corpora/aigc_bench_ext/images/SDXL/ood_0010852.jpg,1,aigc_bench_ext,SDXL
corpora/aigc_bench_ext/images/SDXL/ood_0010884.jpg,1,aigc_bench_ext,SDXL
corpora/aigc_bench_ext/images/SDXL/ood_0010916.jpg,1,aigc_bench_ext,SDXL
corpora/aigc_bench_ext/images/SDXL/ood_0010948.jpg,1,aigc_bench_ext,SDXL
corpora/aigc_bench_ext/images/SDXL/ood_0010980.jpg,1,aigc_bench_ext,SDXL
corpora/aigc_bench_ext/images/SDXL/ood_0011012.jpg,1,aigc_bench_ext,SDXL
corpora/aigc_bench_ext/images/SDXL/ood_0011044.jpg,1,aigc_bench_ext,SDXL
corpora/aigc_bench_ext/images/SDXL/ood_0011076.jpg,1,aigc_bench_ext,SDXL
corpora/aigc_bench_ext/images/SDXL/ood_0011108.jpg,1,aigc_bench_ext,SDXL
corpora/aigc_bench_ext/images/SDXL/ood_0011140.jpg,1,aigc_bench_ext,SDXL
corpora/aigc_bench_ext/images/SDXL/ood_0011172.jpg,1,aigc_bench_ext,SDXL
corpora/aigc_bench_ext/images/SDXL/ood_0011204.jpg,1,aigc_bench_ext,SDXL
corpora/aigc_bench_ext/images/SDXL/ood_0011236.jpg,1,aigc_bench_ext,SDXL
corpora/aigc_bench_ext/images/SDXL/ood_0011268.jpg,1,aigc_bench_ext,SDXL
corpora/aigc_bench_ext/images/SDXL/ood_0011300.jpg,1,aigc_bench_ext,SDXL
corpora/aigc_bench_ext/images/SDXL/ood_0011332.jpg,1,aigc_bench_ext,SDXL
corpora/aigc_bench_ext/images/SDXL/ood_0011364.jpg,1,aigc_bench_ext,SDXL
corpora/aigc_bench_ext/images/SDXL/ood_0011396.jpg,1,aigc_bench_ext,SDXL
corpora/aigc_bench_ext/images/SDXL/ood_0011428.jpg,1,aigc_bench_ext,SDXL
corpora/aigc_bench_ext/images/SDXL/ood_0011460.jpg,1,aigc_bench_ext,SDXL
corpora/aigc_bench_ext/images/SDXL/ood_0011492.jpg,1,aigc_bench_ext,SDXL
corpora/aigc_bench_ext/images/SDXL/ood_0011524.jpg,1,aigc_bench_ext,SDXL
corpora/aigc_bench_ext/images/SDXL/ood_0011556.jpg,1,aigc_bench_ext,SDXL
corpora/aigc_bench_ext/images/SDXL/ood_0011588.jpg,1,aigc_bench_ext,SDXL
corpora/aigc_bench_ext/images/SDXL/ood_0011620.jpg,1,aigc_bench_ext,SDXL
corpora/aigc_bench_ext/images/SDXL/ood_0011652.jpg,1,aigc_bench_ext,SDXL
corpora/aigc_bench_ext/images/SDXL/ood_0011684.jpg,1,aigc_bench_ext,SDXL
corpora/aigc_bench_ext/images/SDXL/ood_0011716.jpg,1,aigc_bench_ext,SDXL
corpora/aigc_bench_ext/images/SDXL/ood_0011748.jpg,1,aigc_bench_ext,SDXL
corpora/aigc_bench_ext/images/SDXL/ood_0011780.jpg,1,aigc_bench_ext,SDXL
corpora/aigc_bench_ext/images/SDXL/ood_0011812.jpg,1,aigc_bench_ext,SDXL
corpora/aigc_bench_ext/images/SDXL/ood_0011844.jpg,1,aigc_bench_ext,SDXL
corpora/aigc_bench_ext/images/SDXL/ood_0011876.jpg,1,aigc_bench_ext,SDXL
corpora/aigc_bench_ext/images/SDXL/ood_0011908.jpg,1,aigc_bench_ext,SDXL
corpora/aigc_bench_ext/images/SDXL/ood_0011940.jpg,1,aigc_bench_ext,SDXL
corpora/aigc_bench_ext/images/SDXL/ood_0011972.jpg,1,aigc_bench_ext,SDXL
corpora/aigc_bench_ext/images/SDXL/ood_0012004.jpg,1,aigc_bench_ext,SDXL
corpora/aigc_bench_ext/images/SDXL/ood_0012036.jpg,1,aigc_bench_ext,SDXL
corpora/aigc_bench_ext/images/SDXL/ood_0012068.jpg,1,aigc_bench_ext,SDXL
corpora/aigc_bench_ext/images/SDXL/ood_0012100.jpg,1,aigc_bench_ext,SDXL
corpora/aigc_bench_ext/images/SDXL/ood_0012132.jpg,1,aigc_bench_ext,SDXL
corpora/aigc_bench_ext/images/SDXL/ood_0012164.jpg,1,aigc_bench_ext,SDXL
corpora/aigc_bench_ext/images/SDXL/ood_0012196.jpg,1,aigc_bench_ext,SDXL
corpora/aigc_bench_ext/images/SDXL/ood_0012228.jpg,1,aigc_bench_ext,SDXL
corpora/aigc_bench_ext/images/SDXL/ood_0012260.jpg,1,aigc_bench_ext,SDXL
corpora/aigc_bench_ext/images/SDXL/ood_0012292.jpg,1,aigc_bench_ext,SDXL
corpora/aigc_bench_ext/images/SDXL/ood_0012324.jpg,1,aigc_bench_ext,SDXL
corpora/aigc_bench_ext/images/SDXL/ood_0012356.jpg,1,aigc_bench_ext,SDXL
corpora/aigc_bench_ext/images/SDXL/ood_0012388.jpg,1,aigc_bench_ext,SDXL
corpora/aigc_bench_ext/images/SDXL/ood_0012420.jpg,1,aigc_bench_ext,SDXL
corpora/aigc_bench_ext/images/SDXL/ood_0012452.jpg,1,aigc_bench_ext,SDXL
corpora/aigc_bench_ext/images/SDXL/ood_0012484.jpg,1,aigc_bench_ext,SDXL
corpora/aigc_bench_ext/images/SDXL/ood_0012516.jpg,1,aigc_bench_ext,SDXL
corpora/aigc_bench_ext/images/SDXL/ood_0012548.jpg,1,aigc_bench_ext,SDXL
corpora/aigc_bench_ext/images/SDXL/ood_0012580.jpg,1,aigc_bench_ext,SDXL
corpora/aigc_bench_ext/images/SDXL/ood_0012612.jpg,1,aigc_bench_ext,SDXL
corpora/aigc_bench_ext/images/SDXL/ood_0012644.jpg,1,aigc_bench_ext,SDXL
corpora/aigc_bench_ext/images/SDXL/ood_0012676.jpg,1,aigc_bench_ext,SDXL
corpora/aigc_bench_ext/images/SDXL/ood_0012708.jpg,1,aigc_bench_ext,SDXL
corpora/aigc_bench_ext/images/SDXL/ood_0012740.jpg,1,aigc_bench_ext,SDXL
corpora/aigc_bench_ext/images/SDXL/ood_0012772.jpg,1,aigc_bench_ext,SDXL
corpora/aigc_bench_ext/images/SDXL/ood_0012804.jpg,1,aigc_bench_ext,SDXL
corpora/aigc_bench_ext/images/SDXL/ood_0012836.jpg,1,aigc_bench_ext,SDXL
corpora/aigc_bench_ext/images/SDXL/ood_0012868.jpg,1,aigc_bench_ext,SDXL
corpora/aigc_bench_ext/images/SDXL/ood_0012900.jpg,1,aigc_bench_ext,SDXL
corpora/aigc_bench_ext/images/SDXL/ood_0012932.jpg,1,aigc_bench_ext,SDXL
corpora/aigc_bench_ext/images/SDXL/ood_0012964.jpg,1,aigc_bench_ext,SDXL
corpora/aigc_bench_ext/images/SDXL/ood_0012996.jpg,1,aigc_bench_ext,SDXL
corpora/aigc_bench_ext/images/SDXL/ood_0013028.jpg,1,aigc_bench_ext,SDXL
corpora/aigc_bench_ext/images/SDXL/ood_0013060.jpg,1,aigc_bench_ext,SDXL
corpora/aigc_bench_ext/images/SDXL/ood_0013092.jpg,1,aigc_bench_ext,SDXL
corpora/aigc_bench_ext/images/SDXL/ood_0013124.jpg,1,aigc_bench_ext,SDXL
corpora/aigc_bench_ext/images/SDXL/ood_0013156.jpg,1,aigc_bench_ext,SDXL
corpora/aigc_bench_ext/images/SDXL/ood_0013188.jpg,1,aigc_bench_ext,SDXL
corpora/aigc_bench_ext/images/SDXL/ood_0013220.jpg,1,aigc_bench_ext,SDXL
corpora/aigc_bench_ext/images/SDXL/ood_0013252.jpg,1,aigc_bench_ext,SDXL
corpora/aigc_bench_ext/images/SDXL/ood_0013284.jpg,1,aigc_bench_ext,SDXL
corpora/aigc_bench_ext/images/SDXL/ood_0013316.jpg,1,aigc_bench_ext,SDXL
corpora/aigc_bench_ext/images/SDXL/ood_0013348.jpg,1,aigc_bench_ext,SDXL
corpora/aigc_bench_ext/images/SDXL/ood_0013380.jpg,1,aigc_bench_ext,SDXL
corpora/aigc_bench_ext/images/SDXL/ood_0013412.jpg,1,aigc_bench_ext,SDXL
corpora/aigc_bench_ext/images/SDXL/ood_0013444.jpg,1,aigc_bench_ext,SDXL
corpora/aigc_bench_ext/images/SDXL/ood_0013476.jpg,1,aigc_bench_ext,SDXL
corpora/aigc_bench_ext/images/SDXL/ood_0013508.jpg,1,aigc_bench_ext,SDXL
corpora/aigc_bench_ext/images/SDXL/ood_0013540.jpg,1,aigc_bench_ext,SDXL
corpora/aigc_bench_ext/images/SDXL/ood_0013572.jpg,1,aigc_bench_ext,SDXL
corpora/aigc_bench_ext/images/SDXL/ood_0013604.jpg,1,aigc_bench_ext,SDXL
corpora/aigc_bench_ext/images/SDXL/ood_0013636.jpg,1,aigc_bench_ext,SDXL
corpora/aigc_bench_ext/images/SDXL/ood_0013668.jpg,1,aigc_bench_ext,SDXL
corpora/aigc_bench_ext/images/SDXL/ood_0013700.jpg,1,aigc_bench_ext,SDXL
corpora/aigc_bench_ext/images/SDXL/ood_0013732.jpg,1,aigc_bench_ext,SDXL
corpora/aigc_bench_ext/images/SDXL/ood_0013764.jpg,1,aigc_bench_ext,SDXL
corpora/aigc_bench_ext/images/SDXL/ood_0013796.jpg,1,aigc_bench_ext,SDXL
corpora/aigc_bench_ext/images/SDXL/ood_0013828.jpg,1,aigc_bench_ext,SDXL
corpora/aigc_bench_ext/images/SDXL/ood_0013860.jpg,1,aigc_bench_ext,SDXL
corpora/aigc_bench_ext/images/SDXL/ood_0013892.jpg,1,aigc_bench_ext,SDXL
corpora/aigc_bench_ext/images/SDXL/ood_0013924.jpg,1,aigc_bench_ext,SDXL
corpora/aigc_bench_ext/images/SDXL/ood_0013956.jpg,1,aigc_bench_ext,SDXL
corpora/aigc_bench_ext/images/SDXL/ood_0013988.jpg,1,aigc_bench_ext,SDXL
corpora/aigc_bench_ext/images/SDXL/ood_0014020.jpg,1,aigc_bench_ext,SDXL
corpora/aigc_bench_ext/images/SDXL/ood_0014052.jpg,1,aigc_bench_ext,SDXL
corpora/aigc_bench_ext/images/SDXL/ood_0014084.jpg,1,aigc_bench_ext,SDXL
corpora/aigc_bench_ext/images/SDXL/ood_0014116.jpg,1,aigc_bench_ext,SDXL
corpora/aigc_bench_ext/images/SDXL/ood_0014148.jpg,1,aigc_bench_ext,SDXL
corpora/aigc_bench_ext/images/SDXL/ood_0014180.jpg,1,aigc_bench_ext,SDXL
corpora/aigc_bench_ext/images/SDXL/ood_0014212.jpg,1,aigc_bench_ext,SDXL
corpora/aigc_bench_ext/images/SDXL/ood_0014244.jpg,1,aigc_bench_ext,SDXL
corpora/aigc_bench_ext/images/SDXL/ood_0014276.jpg,1,aigc_bench_ext,SDXL
corpora/aigc_bench_ext/images/SDXL/ood_0014308.jpg,1,aigc_bench_ext,SDXL
corpora/aigc_bench_ext/images/SDXL/ood_0014340.jpg,1,aigc_bench_ext,SDXL
corpora/aigc_bench_ext/images/SDXL/ood_0014372.jpg,1,aigc_bench_ext,SDXL
corpora/aigc_bench_ext/images/SDXL/ood_0014404.jpg,1,aigc_bench_ext,SDXL
corpora/aigc_bench_ext/images/SDXL/ood_0014436.jpg,1,aigc_bench_ext,SDXL
corpora/aigc_bench_ext/images/SDXL/ood_0014468.jpg,1,aigc_bench_ext,SDXL
corpora/aigc_bench_ext/images/SDXL/ood_0014500.jpg,1,aigc_bench_ext,SDXL
corpora/aigc_bench_ext/images/SDXL/ood_0014532.jpg,1,aigc_bench_ext,SDXL
corpora/aigc_bench_ext/images/SDXL/ood_0014564.jpg,1,aigc_bench_ext,SDXL
corpora/aigc_bench_ext/images/SDXL/ood_0014596.jpg,1,aigc_bench_ext,SDXL
corpora/aigc_bench_ext/images/SDXL/ood_0014628.jpg,1,aigc_bench_ext,SDXL
corpora/aigc_bench_ext/images/SDXL/ood_0014660.jpg,1,aigc_bench_ext,SDXL
corpora/aigc_bench_ext/images/SDXL/ood_0014692.jpg,1,aigc_bench_ext,SDXL
corpora/aigc_bench_ext/images/SDXL/ood_0014724.jpg,1,aigc_bench_ext,SDXL
corpora/aigc_bench_ext/images/SDXL/ood_0014756.jpg,1,aigc_bench_ext,SDXL
corpora/aigc_bench_ext/images/SDXL/ood_0014788.jpg,1,aigc_bench_ext,SDXL
corpora/aigc_bench_ext/images/SDXL/ood_0014820.jpg,1,aigc_bench_ext,SDXL
corpora/aigc_bench_ext/images/SDXL/ood_0014852.jpg,1,aigc_bench_ext,SDXL
corpora/aigc_bench_ext/images/SDXL/ood_0014884.jpg,1,aigc_bench_ext,SDXL
corpora/aigc_bench_ext/images/SDXL/ood_0014916.jpg,1,aigc_bench_ext,SDXL
corpora/aigc_bench_ext/images/SDXL/ood_0014948.jpg,1,aigc_bench_ext,SDXL
corpora/aigc_bench_ext/images/SDXL/ood_0014980.jpg,1,aigc_bench_ext,SDXL
corpora/aigc_bench_ext/images/SDXL/ood_0015012.jpg,1,aigc_bench_ext,SDXL
corpora/aigc_bench_ext/images/SDXL/ood_0015044.jpg,1,aigc_bench_ext,SDXL
corpora/aigc_bench_ext/images/SDXL/ood_0015076.jpg,1,aigc_bench_ext,SDXL
corpora/aigc_bench_ext/images/SDXL/ood_0015108.jpg,1,aigc_bench_ext,SDXL
corpora/aigc_bench_ext/images/SDXL/ood_0015140.jpg,1,aigc_bench_ext,SDXL
corpora/aigc_bench_ext/images/SDXL/ood_0015172.jpg,1,aigc_bench_ext,SDXL
corpora/aigc_bench_ext/images/SDXL/ood_0015204.jpg,1,aigc_bench_ext,SDXL
corpora/aigc_bench_ext/images/SDXL/ood_0015236.jpg,1,aigc_bench_ext,SDXL
corpora/aigc_bench_ext/images/SDXL/ood_0015268.jpg,1,aigc_bench_ext,SDXL
corpora/aigc_bench_ext/images/SDXL/ood_0015300.jpg,1,aigc_bench_ext,SDXL
corpora/aigc_bench_ext/images/SDXL/ood_0015332.jpg,1,aigc_bench_ext,SDXL
corpora/aigc_bench_ext/images/SDXL/ood_0015364.jpg,1,aigc_bench_ext,SDXL
corpora/aigc_bench_ext/images/SDXL/ood_0015396.jpg,1,aigc_bench_ext,SDXL
corpora/aigc_bench_ext/images/SDXL/ood_0015428.jpg,1,aigc_bench_ext,SDXL
corpora/aigc_bench_ext/images/SDXL/ood_0015460.jpg,1,aigc_bench_ext,SDXL
corpora/aigc_bench_ext/images/SDXL/ood_0015492.jpg,1,aigc_bench_ext,SDXL
corpora/aigc_bench_ext/images/SDXL/ood_0015524.jpg,1,aigc_bench_ext,SDXL
corpora/aigc_bench_ext/images/SDXL/ood_0015556.jpg,1,aigc_bench_ext,SDXL
corpora/aigc_bench_ext/images/SDXL/ood_0015588.jpg,1,aigc_bench_ext,SDXL
corpora/aigc_bench_ext/images/SDXL/ood_0015620.jpg,1,aigc_bench_ext,SDXL
corpora/aigc_bench_ext/images/SDXL/ood_0015652.jpg,1,aigc_bench_ext,SDXL
corpora/aigc_bench_ext/images/SDXL/ood_0015684.jpg,1,aigc_bench_ext,SDXL
corpora/aigc_bench_ext/images/SDXL/ood_0015716.jpg,1,aigc_bench_ext,SDXL
corpora/aigc_bench_ext/images/SDXL/ood_0015748.jpg,1,aigc_bench_ext,SDXL
corpora/aigc_bench_ext/images/SDXL/ood_0015780.jpg,1,aigc_bench_ext,SDXL
corpora/aigc_bench_ext/images/SDXL/ood_0015812.jpg,1,aigc_bench_ext,SDXL
corpora/aigc_bench_ext/images/SDXL/ood_0015844.jpg,1,aigc_bench_ext,SDXL
corpora/aigc_bench_ext/images/SDXL/ood_0015876.jpg,1,aigc_bench_ext,SDXL
corpora/aigc_bench_ext/images/SDXL/ood_0015908.jpg,1,aigc_bench_ext,SDXL
corpora/aigc_bench_ext/images/SDXL/ood_0015940.jpg,1,aigc_bench_ext,SDXL
corpora/aigc_bench_ext/images/SDXL/ood_0015972.jpg,1,aigc_bench_ext,SDXL
corpora/aigc_bench_ext/images/SDXL/ood_0016004.jpg,1,aigc_bench_ext,SDXL
corpora/aigc_bench_ext/images/SDXL/ood_0016036.jpg,1,aigc_bench_ext,SDXL
corpora/aigc_bench_ext/images/SDXL/ood_0016068.jpg,1,aigc_bench_ext,SDXL
corpora/aigc_bench_ext/images/SDXL/ood_0016100.jpg,1,aigc_bench_ext,SDXL
corpora/aigc_bench_ext/images/SDXL/ood_0016132.jpg,1,aigc_bench_ext,SDXL
corpora/aigc_bench_ext/images/SDXL/ood_0016164.jpg,1,aigc_bench_ext,SDXL
corpora/aigc_bench_ext/images/SDXL/ood_0016196.jpg,1,aigc_bench_ext,SDXL
corpora/aigc_bench_ext/images/SDXL/ood_0016228.jpg,1,aigc_bench_ext,SDXL
corpora/aigc_bench_ext/images/SDXL/ood_0016260.jpg,1,aigc_bench_ext,SDXL
corpora/aigc_bench_ext/images/SDXL/ood_0016292.jpg,1,aigc_bench_ext,SDXL
corpora/aigc_bench_ext/images/SDXL/ood_0016324.jpg,1,aigc_bench_ext,SDXL
corpora/aigc_bench_ext/images/SDXL/ood_0016356.jpg,1,aigc_bench_ext,SDXL
corpora/aigc_bench_ext/images/SDXL/ood_0016388.jpg,1,aigc_bench_ext,SDXL
corpora/aigc_bench_ext/images/SDXL/ood_0016420.jpg,1,aigc_bench_ext,SDXL
corpora/aigc_bench_ext/images/SDXL/ood_0016452.jpg,1,aigc_bench_ext,SDXL
corpora/aigc_bench_ext/images/SDXL/ood_0016484.jpg,1,aigc_bench_ext,SDXL
corpora/aigc_bench_ext/images/SDXL/ood_0016516.jpg,1,aigc_bench_ext,SDXL
corpora/aigc_bench_ext/images/SDXL/ood_0016548.jpg,1,aigc_bench_ext,SDXL
corpora/aigc_bench_ext/images/SDXL/ood_0016580.jpg,1,aigc_bench_ext,SDXL
corpora/aigc_bench_ext/images/SDXL/ood_0016612.jpg,1,aigc_bench_ext,SDXL
corpora/aigc_bench_ext/images/SDXL/ood_0016644.jpg,1,aigc_bench_ext,SDXL
corpora/aigc_bench_ext/images/SDXL/ood_0016676.jpg,1,aigc_bench_ext,SDXL
corpora/aigc_bench_ext/images/SDXL/ood_0016708.jpg,1,aigc_bench_ext,SDXL
corpora/aigc_bench_ext/images/SDXL/ood_0016740.jpg,1,aigc_bench_ext,SDXL
corpora/aigc_bench_ext/images/SDXL/ood_0016772.jpg,1,aigc_bench_ext,SDXL
corpora/aigc_bench_ext/images/SDXL/ood_0016804.jpg,1,aigc_bench_ext,SDXL
corpora/aigc_bench_ext/images/SDXL/ood_0016836.jpg,1,aigc_bench_ext,SDXL
corpora/aigc_bench_ext/images/SDXL/ood_0016868.jpg,1,aigc_bench_ext,SDXL
corpora/aigc_bench_ext/images/SDXL/ood_0016900.jpg,1,aigc_bench_ext,SDXL
corpora/aigc_bench_ext/images/SDXL/ood_0016932.jpg,1,aigc_bench_ext,SDXL
corpora/aigc_bench_ext/images/SDXL/ood_0016964.jpg,1,aigc_bench_ext,SDXL
corpora/aigc_bench_ext/images/SDXL/ood_0016996.jpg,1,aigc_bench_ext,SDXL
corpora/aigc_bench_ext/images/SDXL/ood_0017028.jpg,1,aigc_bench_ext,SDXL
corpora/aigc_bench_ext/images/SDXL/ood_0017060.jpg,1,aigc_bench_ext,SDXL
corpora/aigc_bench_ext/images/SDXL/ood_0017092.jpg,1,aigc_bench_ext,SDXL
corpora/aigc_bench_ext/images/SDXL/ood_0017124.jpg,1,aigc_bench_ext,SDXL
corpora/aigc_bench_ext/images/SDXL/ood_0017156.jpg,1,aigc_bench_ext,SDXL
corpora/aigc_bench_ext/images/SDXL/ood_0017188.jpg,1,aigc_bench_ext,SDXL
corpora/aigc_bench_ext/images/SDXL/ood_0017220.jpg,1,aigc_bench_ext,SDXL
corpora/aigc_bench_ext/images/SDXL/ood_0017252.jpg,1,aigc_bench_ext,SDXL
corpora/aigc_bench_ext/images/SDXL/ood_0017284.jpg,1,aigc_bench_ext,SDXL
corpora/aigc_bench_ext/images/SDXL/ood_0017316.jpg,1,aigc_bench_ext,SDXL
corpora/aigc_bench_ext/images/SDXL/ood_0017348.jpg,1,aigc_bench_ext,SDXL
corpora/aigc_bench_ext/images/SDXL/ood_0017380.jpg,1,aigc_bench_ext,SDXL
corpora/aigc_bench_ext/images/SDXL/ood_0017412.jpg,1,aigc_bench_ext,SDXL
corpora/aigc_bench_ext/images/SDXL/ood_0017444.jpg,1,aigc_bench_ext,SDXL
corpora/aigc_bench_ext/images/SDXL/ood_0017476.jpg,1,aigc_bench_ext,SDXL
corpora/aigc_bench_ext/images/SDXL/ood_0017508.jpg,1,aigc_bench_ext,SDXL
corpora/aigc_bench_ext/images/SDXL/ood_0017540.jpg,1,aigc_bench_ext,SDXL
corpora/aigc_bench_ext/images/SDXL/ood_0017572.jpg,1,aigc_bench_ext,SDXL
corpora/aigc_bench_ext/images/SDXL/ood_0017604.jpg,1,aigc_bench_ext,SDXL
corpora/aigc_bench_ext/images/SDXL/ood_0017636.jpg,1,aigc_bench_ext,SDXL
corpora/aigc_bench_ext/images/SDXL/ood_0017668.jpg,1,aigc_bench_ext,SDXL
corpora/aigc_bench_ext/images/SDXL/ood_0017700.jpg,1,aigc_bench_ext,SDXL
corpora/aigc_bench_ext/images/SDXL/ood_0017732.jpg,1,aigc_bench_ext,SDXL
corpora/aigc_bench_ext/images/SDXL/ood_0017764.jpg,1,aigc_bench_ext,SDXL
corpora/aigc_bench_ext/images/SDXL/ood_0017796.jpg,1,aigc_bench_ext,SDXL
corpora/aigc_bench_ext/images/SDXL/ood_0017828.jpg,1,aigc_bench_ext,SDXL
corpora/aigc_bench_ext/images/SDXL/ood_0017860.jpg,1,aigc_bench_ext,SDXL
corpora/aigc_bench_ext/images/SDXL/ood_0017892.jpg,1,aigc_bench_ext,SDXL
corpora/aigc_bench_ext/images/SDXL/ood_0017924.jpg,1,aigc_bench_ext,SDXL
corpora/aigc_bench_ext/images/SDXL/ood_0017956.jpg,1,aigc_bench_ext,SDXL
corpora/aigc_bench_ext/images/SDXL/ood_0017988.jpg,1,aigc_bench_ext,SDXL
corpora/aigc_bench_ext/images/SDXL/ood_0018020.jpg,1,aigc_bench_ext,SDXL
corpora/aigc_bench_ext/images/SDXL/ood_0018052.jpg,1,aigc_bench_ext,SDXL
corpora/aigc_bench_ext/images/SDXL/ood_0018084.jpg,1,aigc_bench_ext,SDXL
corpora/aigc_bench_ext/images/SDXL/ood_0018116.jpg,1,aigc_bench_ext,SDXL
corpora/aigc_bench_ext/images/SDXL/ood_0018148.jpg,1,aigc_bench_ext,SDXL
corpora/aigc_bench_ext/images/SDXL/ood_0018180.jpg,1,aigc_bench_ext,SDXL
corpora/aigc_bench_ext/images/SDXL/ood_0018212.jpg,1,aigc_bench_ext,SDXL
corpora/aigc_bench_ext/images/SDXL/ood_0018244.jpg,1,aigc_bench_ext,SDXL
corpora/aigc_bench_ext/images/SDXL/ood_0018276.jpg,1,aigc_bench_ext,SDXL
corpora/aigc_bench_ext/images/SDXL/ood_0018308.jpg,1,aigc_bench_ext,SDXL
corpora/aigc_bench_ext/images/SDXL/ood_0018340.jpg,1,aigc_bench_ext,SDXL
corpora/aigc_bench_ext/images/SDXL/ood_0018372.jpg,1,aigc_bench_ext,SDXL
corpora/aigc_bench_ext/images/SDXL/ood_0018404.jpg,1,aigc_bench_ext,SDXL
corpora/aigc_bench_ext/images/SDXL/ood_0018436.jpg,1,aigc_bench_ext,SDXL
corpora/aigc_bench_ext/images/SDXL/ood_0018468.jpg,1,aigc_bench_ext,SDXL
corpora/aigc_bench_ext/images/SDXL/ood_0018500.jpg,1,aigc_bench_ext,SDXL
corpora/aigc_bench_ext/images/SDXL/ood_0018532.jpg,1,aigc_bench_ext,SDXL
corpora/aigc_bench_ext/images/SDXL/ood_0018564.jpg,1,aigc_bench_ext,SDXL
corpora/aigc_bench_ext/images/SDXL/ood_0018596.jpg,1,aigc_bench_ext,SDXL
corpora/aigc_bench_ext/images/SDXL/ood_0018628.jpg,1,aigc_bench_ext,SDXL
corpora/aigc_bench_ext/images/SDXL/ood_0018660.jpg,1,aigc_bench_ext,SDXL
corpora/aigc_bench_ext/images/SDXL/ood_0018692.jpg,1,aigc_bench_ext,SDXL
corpora/aigc_bench_ext/images/SDXL/ood_0018724.jpg,1,aigc_bench_ext,SDXL
corpora/aigc_bench_ext/images/SDXL/ood_0018756.jpg,1,aigc_bench_ext,SDXL
corpora/aigc_bench_ext/images/StarGAN/ood_0008422.jpg,1,aigc_bench_ext,StarGAN
corpora/aigc_bench_ext/images/StarGAN/ood_0008454.jpg,1,aigc_bench_ext,StarGAN
corpora/aigc_bench_ext/images/StarGAN/ood_0008486.jpg,1,aigc_bench_ext,StarGAN
corpora/aigc_bench_ext/images/StarGAN/ood_0008518.jpg,1,aigc_bench_ext,StarGAN
corpora/aigc_bench_ext/images/StarGAN/ood_0008550.jpg,1,aigc_bench_ext,StarGAN
corpora/aigc_bench_ext/images/StarGAN/ood_0008582.jpg,1,aigc_bench_ext,StarGAN
corpora/aigc_bench_ext/images/StarGAN/ood_0008614.jpg,1,aigc_bench_ext,StarGAN
corpora/aigc_bench_ext/images/StarGAN/ood_0008646.jpg,1,aigc_bench_ext,StarGAN
corpora/aigc_bench_ext/images/StarGAN/ood_0008678.jpg,1,aigc_bench_ext,StarGAN
corpora/aigc_bench_ext/images/StarGAN/ood_0008710.jpg,1,aigc_bench_ext,StarGAN
corpora/aigc_bench_ext/images/StarGAN/ood_0008742.jpg,1,aigc_bench_ext,StarGAN
corpora/aigc_bench_ext/images/StarGAN/ood_0008774.jpg,1,aigc_bench_ext,StarGAN
corpora/aigc_bench_ext/images/StarGAN/ood_0008806.jpg,1,aigc_bench_ext,StarGAN
corpora/aigc_bench_ext/images/StarGAN/ood_0008838.jpg,1,aigc_bench_ext,StarGAN
corpora/aigc_bench_ext/images/StarGAN/ood_0008870.jpg,1,aigc_bench_ext,StarGAN
corpora/aigc_bench_ext/images/StarGAN/ood_0008902.jpg,1,aigc_bench_ext,StarGAN
corpora/aigc_bench_ext/images/StarGAN/ood_0008934.jpg,1,aigc_bench_ext,StarGAN
corpora/aigc_bench_ext/images/StarGAN/ood_0008966.jpg,1,aigc_bench_ext,StarGAN
corpora/aigc_bench_ext/images/StarGAN/ood_0008998.jpg,1,aigc_bench_ext,StarGAN
corpora/aigc_bench_ext/images/StarGAN/ood_0009030.jpg,1,aigc_bench_ext,StarGAN
corpora/aigc_bench_ext/images/StarGAN/ood_0009062.jpg,1,aigc_bench_ext,StarGAN
corpora/aigc_bench_ext/images/StarGAN/ood_0009094.jpg,1,aigc_bench_ext,StarGAN
corpora/aigc_bench_ext/images/StarGAN/ood_0009126.jpg,1,aigc_bench_ext,StarGAN
corpora/aigc_bench_ext/images/StarGAN/ood_0009158.jpg,1,aigc_bench_ext,StarGAN
corpora/aigc_bench_ext/images/StarGAN/ood_0009190.jpg,1,aigc_bench_ext,StarGAN
corpora/aigc_bench_ext/images/StarGAN/ood_0009222.jpg,1,aigc_bench_ext,StarGAN
corpora/aigc_bench_ext/images/StarGAN/ood_0009254.jpg,1,aigc_bench_ext,StarGAN
corpora/aigc_bench_ext/images/StarGAN/ood_0009286.jpg,1,aigc_bench_ext,StarGAN
corpora/aigc_bench_ext/images/StarGAN/ood_0009318.jpg,1,aigc_bench_ext,StarGAN
corpora/aigc_bench_ext/images/StarGAN/ood_0009350.jpg,1,aigc_bench_ext,StarGAN
corpora/aigc_bench_ext/images/StarGAN/ood_0009382.jpg,1,aigc_bench_ext,StarGAN
corpora/aigc_bench_ext/images/StarGAN/ood_0009414.jpg,1,aigc_bench_ext,StarGAN
corpora/aigc_bench_ext/images/StarGAN/ood_0009446.jpg,1,aigc_bench_ext,StarGAN
corpora/aigc_bench_ext/images/StarGAN/ood_0009478.jpg,1,aigc_bench_ext,StarGAN
corpora/aigc_bench_ext/images/StarGAN/ood_0009510.jpg,1,aigc_bench_ext,StarGAN
corpora/aigc_bench_ext/images/StarGAN/ood_0009542.jpg,1,aigc_bench_ext,StarGAN
corpora/aigc_bench_ext/images/StarGAN/ood_0009574.jpg,1,aigc_bench_ext,StarGAN
corpora/aigc_bench_ext/images/StarGAN/ood_0009606.jpg,1,aigc_bench_ext,StarGAN
corpora/aigc_bench_ext/images/StarGAN/ood_0009638.jpg,1,aigc_bench_ext,StarGAN
corpora/aigc_bench_ext/images/StarGAN/ood_0009670.jpg,1,aigc_bench_ext,StarGAN
corpora/aigc_bench_ext/images/StarGAN/ood_0009702.jpg,1,aigc_bench_ext,StarGAN
corpora/aigc_bench_ext/images/StarGAN/ood_0009734.jpg,1,aigc_bench_ext,StarGAN
corpora/aigc_bench_ext/images/StarGAN/ood_0009766.jpg,1,aigc_bench_ext,StarGAN
corpora/aigc_bench_ext/images/StarGAN/ood_0009798.jpg,1,aigc_bench_ext,StarGAN
corpora/aigc_bench_ext/images/StarGAN/ood_0009830.jpg,1,aigc_bench_ext,StarGAN
corpora/aigc_bench_ext/images/StarGAN/ood_0009862.jpg,1,aigc_bench_ext,StarGAN
corpora/aigc_bench_ext/images/StarGAN/ood_0009894.jpg,1,aigc_bench_ext,StarGAN
corpora/aigc_bench_ext/images/StarGAN/ood_0009926.jpg,1,aigc_bench_ext,StarGAN
corpora/aigc_bench_ext/images/StarGAN/ood_0009958.jpg,1,aigc_bench_ext,StarGAN
corpora/aigc_bench_ext/images/StarGAN/ood_0009990.jpg,1,aigc_bench_ext,StarGAN
corpora/aigc_bench_ext/images/StarGAN/ood_0010022.jpg,1,aigc_bench_ext,StarGAN
corpora/aigc_bench_ext/images/StarGAN/ood_0010054.jpg,1,aigc_bench_ext,StarGAN
corpora/aigc_bench_ext/images/StarGAN/ood_0010086.jpg,1,aigc_bench_ext,StarGAN
corpora/aigc_bench_ext/images/StarGAN/ood_0010118.jpg,1,aigc_bench_ext,StarGAN
corpora/aigc_bench_ext/images/StarGAN/ood_0010150.jpg,1,aigc_bench_ext,StarGAN
corpora/aigc_bench_ext/images/StarGAN/ood_0010182.jpg,1,aigc_bench_ext,StarGAN
corpora/aigc_bench_ext/images/StarGAN/ood_0010214.jpg,1,aigc_bench_ext,StarGAN
corpora/aigc_bench_ext/images/StarGAN/ood_0010246.jpg,1,aigc_bench_ext,StarGAN
corpora/aigc_bench_ext/images/StarGAN/ood_0010278.jpg,1,aigc_bench_ext,StarGAN
corpora/aigc_bench_ext/images/StarGAN/ood_0010310.jpg,1,aigc_bench_ext,StarGAN
corpora/aigc_bench_ext/images/StarGAN/ood_0010342.jpg,1,aigc_bench_ext,StarGAN
corpora/aigc_bench_ext/images/StarGAN/ood_0010374.jpg,1,aigc_bench_ext,StarGAN
corpora/aigc_bench_ext/images/StarGAN/ood_0010406.jpg,1,aigc_bench_ext,StarGAN
corpora/aigc_bench_ext/images/StarGAN/ood_0010438.jpg,1,aigc_bench_ext,StarGAN
corpora/aigc_bench_ext/images/StarGAN/ood_0010470.jpg,1,aigc_bench_ext,StarGAN
corpora/aigc_bench_ext/images/StarGAN/ood_0010502.jpg,1,aigc_bench_ext,StarGAN
corpora/aigc_bench_ext/images/StarGAN/ood_0010534.jpg,1,aigc_bench_ext,StarGAN
corpora/aigc_bench_ext/images/StarGAN/ood_0010566.jpg,1,aigc_bench_ext,StarGAN
corpora/aigc_bench_ext/images/StarGAN/ood_0010598.jpg,1,aigc_bench_ext,StarGAN
corpora/aigc_bench_ext/images/StarGAN/ood_0010630.jpg,1,aigc_bench_ext,StarGAN
corpora/aigc_bench_ext/images/StarGAN/ood_0010662.jpg,1,aigc_bench_ext,StarGAN
corpora/aigc_bench_ext/images/StarGAN/ood_0010694.jpg,1,aigc_bench_ext,StarGAN
corpora/aigc_bench_ext/images/StarGAN/ood_0010726.jpg,1,aigc_bench_ext,StarGAN
corpora/aigc_bench_ext/images/StarGAN/ood_0010758.jpg,1,aigc_bench_ext,StarGAN
corpora/aigc_bench_ext/images/StarGAN/ood_0010790.jpg,1,aigc_bench_ext,StarGAN
corpora/aigc_bench_ext/images/StarGAN/ood_0010822.jpg,1,aigc_bench_ext,StarGAN
corpora/aigc_bench_ext/images/StarGAN/ood_0010854.jpg,1,aigc_bench_ext,StarGAN
corpora/aigc_bench_ext/images/StarGAN/ood_0010886.jpg,1,aigc_bench_ext,StarGAN
corpora/aigc_bench_ext/images/StarGAN/ood_0010918.jpg,1,aigc_bench_ext,StarGAN
corpora/aigc_bench_ext/images/StarGAN/ood_0010950.jpg,1,aigc_bench_ext,StarGAN
corpora/aigc_bench_ext/images/StarGAN/ood_0010982.jpg,1,aigc_bench_ext,StarGAN
corpora/aigc_bench_ext/images/StarGAN/ood_0011014.jpg,1,aigc_bench_ext,StarGAN
corpora/aigc_bench_ext/images/StarGAN/ood_0011046.jpg,1,aigc_bench_ext,StarGAN
corpora/aigc_bench_ext/images/StarGAN/ood_0011078.jpg,1,aigc_bench_ext,StarGAN
corpora/aigc_bench_ext/images/StarGAN/ood_0011110.jpg,1,aigc_bench_ext,StarGAN
corpora/aigc_bench_ext/images/StarGAN/ood_0011142.jpg,1,aigc_bench_ext,StarGAN
corpora/aigc_bench_ext/images/StarGAN/ood_0011174.jpg,1,aigc_bench_ext,StarGAN
corpora/aigc_bench_ext/images/StarGAN/ood_0011206.jpg,1,aigc_bench_ext,StarGAN
corpora/aigc_bench_ext/images/StarGAN/ood_0011238.jpg,1,aigc_bench_ext,StarGAN
corpora/aigc_bench_ext/images/StarGAN/ood_0011270.jpg,1,aigc_bench_ext,StarGAN
corpora/aigc_bench_ext/images/StarGAN/ood_0011302.jpg,1,aigc_bench_ext,StarGAN
corpora/aigc_bench_ext/images/StarGAN/ood_0011334.jpg,1,aigc_bench_ext,StarGAN
corpora/aigc_bench_ext/images/StarGAN/ood_0011366.jpg,1,aigc_bench_ext,StarGAN
corpora/aigc_bench_ext/images/StarGAN/ood_0011398.jpg,1,aigc_bench_ext,StarGAN
corpora/aigc_bench_ext/images/StarGAN/ood_0011430.jpg,1,aigc_bench_ext,StarGAN
corpora/aigc_bench_ext/images/StarGAN/ood_0011462.jpg,1,aigc_bench_ext,StarGAN
corpora/aigc_bench_ext/images/StarGAN/ood_0011494.jpg,1,aigc_bench_ext,StarGAN
corpora/aigc_bench_ext/images/StarGAN/ood_0011526.jpg,1,aigc_bench_ext,StarGAN
corpora/aigc_bench_ext/images/StarGAN/ood_0011558.jpg,1,aigc_bench_ext,StarGAN
corpora/aigc_bench_ext/images/StarGAN/ood_0011590.jpg,1,aigc_bench_ext,StarGAN
corpora/aigc_bench_ext/images/StarGAN/ood_0011622.jpg,1,aigc_bench_ext,StarGAN
corpora/aigc_bench_ext/images/StarGAN/ood_0011654.jpg,1,aigc_bench_ext,StarGAN
corpora/aigc_bench_ext/images/StarGAN/ood_0011686.jpg,1,aigc_bench_ext,StarGAN
corpora/aigc_bench_ext/images/StarGAN/ood_0011718.jpg,1,aigc_bench_ext,StarGAN
corpora/aigc_bench_ext/images/StarGAN/ood_0011750.jpg,1,aigc_bench_ext,StarGAN
corpora/aigc_bench_ext/images/StarGAN/ood_0011782.jpg,1,aigc_bench_ext,StarGAN
corpora/aigc_bench_ext/images/StarGAN/ood_0011814.jpg,1,aigc_bench_ext,StarGAN
corpora/aigc_bench_ext/images/StarGAN/ood_0011846.jpg,1,aigc_bench_ext,StarGAN
corpora/aigc_bench_ext/images/StarGAN/ood_0011878.jpg,1,aigc_bench_ext,StarGAN
corpora/aigc_bench_ext/images/StarGAN/ood_0011910.jpg,1,aigc_bench_ext,StarGAN
corpora/aigc_bench_ext/images/StarGAN/ood_0011942.jpg,1,aigc_bench_ext,StarGAN
corpora/aigc_bench_ext/images/StarGAN/ood_0011974.jpg,1,aigc_bench_ext,StarGAN
corpora/aigc_bench_ext/images/StarGAN/ood_0012006.jpg,1,aigc_bench_ext,StarGAN
corpora/aigc_bench_ext/images/StarGAN/ood_0012038.jpg,1,aigc_bench_ext,StarGAN
corpora/aigc_bench_ext/images/StarGAN/ood_0012070.jpg,1,aigc_bench_ext,StarGAN
corpora/aigc_bench_ext/images/StarGAN/ood_0012102.jpg,1,aigc_bench_ext,StarGAN
corpora/aigc_bench_ext/images/StarGAN/ood_0012134.jpg,1,aigc_bench_ext,StarGAN
corpora/aigc_bench_ext/images/StarGAN/ood_0012166.jpg,1,aigc_bench_ext,StarGAN
corpora/aigc_bench_ext/images/StarGAN/ood_0012198.jpg,1,aigc_bench_ext,StarGAN
corpora/aigc_bench_ext/images/StarGAN/ood_0012230.jpg,1,aigc_bench_ext,StarGAN
corpora/aigc_bench_ext/images/StarGAN/ood_0012262.jpg,1,aigc_bench_ext,StarGAN
corpora/aigc_bench_ext/images/StarGAN/ood_0012294.jpg,1,aigc_bench_ext,StarGAN
corpora/aigc_bench_ext/images/StarGAN/ood_0012326.jpg,1,aigc_bench_ext,StarGAN
corpora/aigc_bench_ext/images/StarGAN/ood_0012358.jpg,1,aigc_bench_ext,StarGAN
corpora/aigc_bench_ext/images/StarGAN/ood_0012390.jpg,1,aigc_bench_ext,StarGAN
corpora/aigc_bench_ext/images/StarGAN/ood_0012422.jpg,1,aigc_bench_ext,StarGAN
corpora/aigc_bench_ext/images/StarGAN/ood_0012454.jpg,1,aigc_bench_ext,StarGAN
corpora/aigc_bench_ext/images/StarGAN/ood_0012486.jpg,1,aigc_bench_ext,StarGAN
corpora/aigc_bench_ext/images/StarGAN/ood_0012518.jpg,1,aigc_bench_ext,StarGAN
corpora/aigc_bench_ext/images/StarGAN/ood_0012550.jpg,1,aigc_bench_ext,StarGAN
corpora/aigc_bench_ext/images/StarGAN/ood_0012582.jpg,1,aigc_bench_ext,StarGAN
corpora/aigc_bench_ext/images/StarGAN/ood_0012614.jpg,1,aigc_bench_ext,StarGAN
corpora/aigc_bench_ext/images/StarGAN/ood_0012646.jpg,1,aigc_bench_ext,StarGAN
corpora/aigc_bench_ext/images/StarGAN/ood_0012678.jpg,1,aigc_bench_ext,StarGAN
corpora/aigc_bench_ext/images/StarGAN/ood_0012710.jpg,1,aigc_bench_ext,StarGAN
corpora/aigc_bench_ext/images/StarGAN/ood_0012742.jpg,1,aigc_bench_ext,StarGAN
corpora/aigc_bench_ext/images/StarGAN/ood_0012774.jpg,1,aigc_bench_ext,StarGAN
corpora/aigc_bench_ext/images/StarGAN/ood_0012806.jpg,1,aigc_bench_ext,StarGAN
corpora/aigc_bench_ext/images/StarGAN/ood_0012838.jpg,1,aigc_bench_ext,StarGAN
corpora/aigc_bench_ext/images/StarGAN/ood_0012870.jpg,1,aigc_bench_ext,StarGAN
corpora/aigc_bench_ext/images/StarGAN/ood_0012902.jpg,1,aigc_bench_ext,StarGAN
corpora/aigc_bench_ext/images/StarGAN/ood_0012934.jpg,1,aigc_bench_ext,StarGAN
corpora/aigc_bench_ext/images/StarGAN/ood_0012966.jpg,1,aigc_bench_ext,StarGAN
corpora/aigc_bench_ext/images/StarGAN/ood_0012998.jpg,1,aigc_bench_ext,StarGAN
corpora/aigc_bench_ext/images/StarGAN/ood_0013030.jpg,1,aigc_bench_ext,StarGAN
corpora/aigc_bench_ext/images/StarGAN/ood_0013062.jpg,1,aigc_bench_ext,StarGAN
corpora/aigc_bench_ext/images/StarGAN/ood_0013094.jpg,1,aigc_bench_ext,StarGAN
corpora/aigc_bench_ext/images/StarGAN/ood_0013126.jpg,1,aigc_bench_ext,StarGAN
corpora/aigc_bench_ext/images/StarGAN/ood_0013158.jpg,1,aigc_bench_ext,StarGAN
corpora/aigc_bench_ext/images/StarGAN/ood_0013190.jpg,1,aigc_bench_ext,StarGAN
corpora/aigc_bench_ext/images/StarGAN/ood_0013222.jpg,1,aigc_bench_ext,StarGAN
corpora/aigc_bench_ext/images/StarGAN/ood_0013254.jpg,1,aigc_bench_ext,StarGAN
corpora/aigc_bench_ext/images/StarGAN/ood_0013286.jpg,1,aigc_bench_ext,StarGAN
corpora/aigc_bench_ext/images/StarGAN/ood_0013318.jpg,1,aigc_bench_ext,StarGAN
corpora/aigc_bench_ext/images/StarGAN/ood_0013350.jpg,1,aigc_bench_ext,StarGAN
corpora/aigc_bench_ext/images/StarGAN/ood_0013382.jpg,1,aigc_bench_ext,StarGAN
corpora/aigc_bench_ext/images/StarGAN/ood_0013414.jpg,1,aigc_bench_ext,StarGAN
corpora/aigc_bench_ext/images/StarGAN/ood_0013446.jpg,1,aigc_bench_ext,StarGAN
corpora/aigc_bench_ext/images/StarGAN/ood_0013478.jpg,1,aigc_bench_ext,StarGAN
corpora/aigc_bench_ext/images/StarGAN/ood_0013510.jpg,1,aigc_bench_ext,StarGAN
corpora/aigc_bench_ext/images/StarGAN/ood_0013542.jpg,1,aigc_bench_ext,StarGAN
corpora/aigc_bench_ext/images/StarGAN/ood_0013574.jpg,1,aigc_bench_ext,StarGAN
corpora/aigc_bench_ext/images/StarGAN/ood_0013606.jpg,1,aigc_bench_ext,StarGAN
corpora/aigc_bench_ext/images/StarGAN/ood_0013638.jpg,1,aigc_bench_ext,StarGAN
corpora/aigc_bench_ext/images/StarGAN/ood_0013670.jpg,1,aigc_bench_ext,StarGAN
corpora/aigc_bench_ext/images/StarGAN/ood_0013702.jpg,1,aigc_bench_ext,StarGAN
corpora/aigc_bench_ext/images/StarGAN/ood_0013734.jpg,1,aigc_bench_ext,StarGAN
corpora/aigc_bench_ext/images/StarGAN/ood_0013766.jpg,1,aigc_bench_ext,StarGAN
corpora/aigc_bench_ext/images/StarGAN/ood_0013798.jpg,1,aigc_bench_ext,StarGAN
corpora/aigc_bench_ext/images/StarGAN/ood_0013830.jpg,1,aigc_bench_ext,StarGAN
corpora/aigc_bench_ext/images/StarGAN/ood_0013862.jpg,1,aigc_bench_ext,StarGAN
corpora/aigc_bench_ext/images/StarGAN/ood_0013894.jpg,1,aigc_bench_ext,StarGAN
corpora/aigc_bench_ext/images/StarGAN/ood_0013926.jpg,1,aigc_bench_ext,StarGAN
corpora/aigc_bench_ext/images/StarGAN/ood_0013958.jpg,1,aigc_bench_ext,StarGAN
corpora/aigc_bench_ext/images/StarGAN/ood_0013990.jpg,1,aigc_bench_ext,StarGAN
corpora/aigc_bench_ext/images/StarGAN/ood_0014022.jpg,1,aigc_bench_ext,StarGAN
corpora/aigc_bench_ext/images/StarGAN/ood_0014054.jpg,1,aigc_bench_ext,StarGAN
corpora/aigc_bench_ext/images/StarGAN/ood_0014086.jpg,1,aigc_bench_ext,StarGAN
corpora/aigc_bench_ext/images/StarGAN/ood_0014118.jpg,1,aigc_bench_ext,StarGAN
corpora/aigc_bench_ext/images/StarGAN/ood_0014150.jpg,1,aigc_bench_ext,StarGAN
corpora/aigc_bench_ext/images/StarGAN/ood_0014182.jpg,1,aigc_bench_ext,StarGAN
corpora/aigc_bench_ext/images/StarGAN/ood_0014214.jpg,1,aigc_bench_ext,StarGAN
corpora/aigc_bench_ext/images/StarGAN/ood_0014246.jpg,1,aigc_bench_ext,StarGAN
corpora/aigc_bench_ext/images/StarGAN/ood_0014278.jpg,1,aigc_bench_ext,StarGAN
corpora/aigc_bench_ext/images/StarGAN/ood_0014310.jpg,1,aigc_bench_ext,StarGAN
corpora/aigc_bench_ext/images/StarGAN/ood_0014342.jpg,1,aigc_bench_ext,StarGAN
corpora/aigc_bench_ext/images/StarGAN/ood_0014374.jpg,1,aigc_bench_ext,StarGAN
corpora/aigc_bench_ext/images/StarGAN/ood_0014406.jpg,1,aigc_bench_ext,StarGAN
corpora/aigc_bench_ext/images/StarGAN/ood_0014438.jpg,1,aigc_bench_ext,StarGAN
corpora/aigc_bench_ext/images/StarGAN/ood_0014470.jpg,1,aigc_bench_ext,StarGAN
corpora/aigc_bench_ext/images/StarGAN/ood_0014502.jpg,1,aigc_bench_ext,StarGAN
corpora/aigc_bench_ext/images/StarGAN/ood_0014534.jpg,1,aigc_bench_ext,StarGAN
corpora/aigc_bench_ext/images/StarGAN/ood_0014566.jpg,1,aigc_bench_ext,StarGAN
corpora/aigc_bench_ext/images/StarGAN/ood_0014598.jpg,1,aigc_bench_ext,StarGAN
corpora/aigc_bench_ext/images/StarGAN/ood_0014630.jpg,1,aigc_bench_ext,StarGAN
corpora/aigc_bench_ext/images/StarGAN/ood_0014662.jpg,1,aigc_bench_ext,StarGAN
corpora/aigc_bench_ext/images/StarGAN/ood_0014694.jpg,1,aigc_bench_ext,StarGAN
corpora/aigc_bench_ext/images/StarGAN/ood_0014726.jpg,1,aigc_bench_ext,StarGAN
corpora/aigc_bench_ext/images/StarGAN/ood_0014758.jpg,1,aigc_bench_ext,StarGAN
corpora/aigc_bench_ext/images/StarGAN/ood_0014790.jpg,1,aigc_bench_ext,StarGAN
corpora/aigc_bench_ext/images/StarGAN/ood_0014822.jpg,1,aigc_bench_ext,StarGAN
corpora/aigc_bench_ext/images/StarGAN/ood_0014854.jpg,1,aigc_bench_ext,StarGAN
corpora/aigc_bench_ext/images/StarGAN/ood_0014886.jpg,1,aigc_bench_ext,StarGAN
corpora/aigc_bench_ext/images/StarGAN/ood_0014918.jpg,1,aigc_bench_ext,StarGAN
corpora/aigc_bench_ext/images/StarGAN/ood_0014950.jpg,1,aigc_bench_ext,StarGAN
corpora/aigc_bench_ext/images/StarGAN/ood_0014982.jpg,1,aigc_bench_ext,StarGAN
corpora/aigc_bench_ext/images/StarGAN/ood_0015014.jpg,1,aigc_bench_ext,StarGAN
corpora/aigc_bench_ext/images/StarGAN/ood_0015046.jpg,1,aigc_bench_ext,StarGAN
corpora/aigc_bench_ext/images/StarGAN/ood_0015078.jpg,1,aigc_bench_ext,StarGAN
corpora/aigc_bench_ext/images/StarGAN/ood_0015110.jpg,1,aigc_bench_ext,StarGAN
corpora/aigc_bench_ext/images/StarGAN/ood_0015142.jpg,1,aigc_bench_ext,StarGAN
corpora/aigc_bench_ext/images/StarGAN/ood_0015174.jpg,1,aigc_bench_ext,StarGAN
corpora/aigc_bench_ext/images/StarGAN/ood_0015206.jpg,1,aigc_bench_ext,StarGAN
corpora/aigc_bench_ext/images/StarGAN/ood_0015238.jpg,1,aigc_bench_ext,StarGAN
corpora/aigc_bench_ext/images/StarGAN/ood_0015270.jpg,1,aigc_bench_ext,StarGAN
corpora/aigc_bench_ext/images/StarGAN/ood_0015302.jpg,1,aigc_bench_ext,StarGAN
corpora/aigc_bench_ext/images/StarGAN/ood_0015334.jpg,1,aigc_bench_ext,StarGAN
corpora/aigc_bench_ext/images/StarGAN/ood_0015366.jpg,1,aigc_bench_ext,StarGAN
corpora/aigc_bench_ext/images/StarGAN/ood_0015398.jpg,1,aigc_bench_ext,StarGAN
corpora/aigc_bench_ext/images/StarGAN/ood_0015430.jpg,1,aigc_bench_ext,StarGAN
corpora/aigc_bench_ext/images/StarGAN/ood_0015462.jpg,1,aigc_bench_ext,StarGAN
corpora/aigc_bench_ext/images/StarGAN/ood_0015494.jpg,1,aigc_bench_ext,StarGAN
corpora/aigc_bench_ext/images/StarGAN/ood_0015526.jpg,1,aigc_bench_ext,StarGAN
corpora/aigc_bench_ext/images/StarGAN/ood_0015558.jpg,1,aigc_bench_ext,StarGAN
corpora/aigc_bench_ext/images/StarGAN/ood_0015590.jpg,1,aigc_bench_ext,StarGAN
corpora/aigc_bench_ext/images/StarGAN/ood_0015622.jpg,1,aigc_bench_ext,StarGAN
corpora/aigc_bench_ext/images/StarGAN/ood_0015654.jpg,1,aigc_bench_ext,StarGAN
corpora/aigc_bench_ext/images/StarGAN/ood_0015686.jpg,1,aigc_bench_ext,StarGAN
corpora/aigc_bench_ext/images/StarGAN/ood_0015718.jpg,1,aigc_bench_ext,StarGAN
corpora/aigc_bench_ext/images/StarGAN/ood_0015750.jpg,1,aigc_bench_ext,StarGAN
corpora/aigc_bench_ext/images/StarGAN/ood_0015782.jpg,1,aigc_bench_ext,StarGAN
corpora/aigc_bench_ext/images/StarGAN/ood_0015814.jpg,1,aigc_bench_ext,StarGAN
corpora/aigc_bench_ext/images/StarGAN/ood_0015846.jpg,1,aigc_bench_ext,StarGAN
corpora/aigc_bench_ext/images/StarGAN/ood_0015878.jpg,1,aigc_bench_ext,StarGAN
corpora/aigc_bench_ext/images/StarGAN/ood_0015910.jpg,1,aigc_bench_ext,StarGAN
corpora/aigc_bench_ext/images/StarGAN/ood_0015942.jpg,1,aigc_bench_ext,StarGAN
corpora/aigc_bench_ext/images/StarGAN/ood_0015974.jpg,1,aigc_bench_ext,StarGAN
corpora/aigc_bench_ext/images/StarGAN/ood_0016006.jpg,1,aigc_bench_ext,StarGAN
corpora/aigc_bench_ext/images/StarGAN/ood_0016038.jpg,1,aigc_bench_ext,StarGAN
corpora/aigc_bench_ext/images/StarGAN/ood_0016070.jpg,1,aigc_bench_ext,StarGAN
corpora/aigc_bench_ext/images/StarGAN/ood_0016102.jpg,1,aigc_bench_ext,StarGAN
corpora/aigc_bench_ext/images/StarGAN/ood_0016134.jpg,1,aigc_bench_ext,StarGAN
corpora/aigc_bench_ext/images/StarGAN/ood_0016166.jpg,1,aigc_bench_ext,StarGAN
corpora/aigc_bench_ext/images/StarGAN/ood_0016198.jpg,1,aigc_bench_ext,StarGAN
corpora/aigc_bench_ext/images/StarGAN/ood_0016230.jpg,1,aigc_bench_ext,StarGAN
corpora/aigc_bench_ext/images/StarGAN/ood_0016262.jpg,1,aigc_bench_ext,StarGAN
corpora/aigc_bench_ext/images/StarGAN/ood_0016294.jpg,1,aigc_bench_ext,StarGAN
corpora/aigc_bench_ext/images/StarGAN/ood_0016326.jpg,1,aigc_bench_ext,StarGAN
corpora/aigc_bench_ext/images/StarGAN/ood_0016358.jpg,1,aigc_bench_ext,StarGAN
corpora/aigc_bench_ext/images/StarGAN/ood_0016390.jpg,1,aigc_bench_ext,StarGAN
corpora/aigc_bench_ext/images/StarGAN/ood_0016422.jpg,1,aigc_bench_ext,StarGAN
corpora/aigc_bench_ext/images/StarGAN/ood_0016454.jpg,1,aigc_bench_ext,StarGAN
corpora/aigc_bench_ext/images/StarGAN/ood_0016486.jpg,1,aigc_bench_ext,StarGAN
corpora/aigc_bench_ext/images/StarGAN/ood_0016518.jpg,1,aigc_bench_ext,StarGAN
corpora/aigc_bench_ext/images/StarGAN/ood_0016550.jpg,1,aigc_bench_ext,StarGAN
corpora/aigc_bench_ext/images/StarGAN/ood_0016582.jpg,1,aigc_bench_ext,StarGAN
corpora/aigc_bench_ext/images/StarGAN/ood_0016614.jpg,1,aigc_bench_ext,StarGAN
corpora/aigc_bench_ext/images/StarGAN/ood_0016646.jpg,1,aigc_bench_ext,StarGAN
corpora/aigc_bench_ext/images/StarGAN/ood_0016678.jpg,1,aigc_bench_ext,StarGAN
corpora/aigc_bench_ext/images/StarGAN/ood_0016710.jpg,1,aigc_bench_ext,StarGAN
corpora/aigc_bench_ext/images/StarGAN/ood_0016742.jpg,1,aigc_bench_ext,StarGAN
corpora/aigc_bench_ext/images/StarGAN/ood_0016774.jpg,1,aigc_bench_ext,StarGAN
corpora/aigc_bench_ext/images/StarGAN/ood_0016806.jpg,1,aigc_bench_ext,StarGAN
corpora/aigc_bench_ext/images/StarGAN/ood_0016838.jpg,1,aigc_bench_ext,StarGAN
corpora/aigc_bench_ext/images/StarGAN/ood_0016870.jpg,1,aigc_bench_ext,StarGAN
corpora/aigc_bench_ext/images/StarGAN/ood_0016902.jpg,1,aigc_bench_ext,StarGAN
corpora/aigc_bench_ext/images/StarGAN/ood_0016934.jpg,1,aigc_bench_ext,StarGAN
corpora/aigc_bench_ext/images/StarGAN/ood_0016966.jpg,1,aigc_bench_ext,StarGAN
corpora/aigc_bench_ext/images/StarGAN/ood_0016998.jpg,1,aigc_bench_ext,StarGAN
corpora/aigc_bench_ext/images/StarGAN/ood_0017030.jpg,1,aigc_bench_ext,StarGAN
corpora/aigc_bench_ext/images/StarGAN/ood_0017062.jpg,1,aigc_bench_ext,StarGAN
corpora/aigc_bench_ext/images/StarGAN/ood_0017094.jpg,1,aigc_bench_ext,StarGAN
corpora/aigc_bench_ext/images/StarGAN/ood_0017126.jpg,1,aigc_bench_ext,StarGAN
corpora/aigc_bench_ext/images/StarGAN/ood_0017158.jpg,1,aigc_bench_ext,StarGAN
corpora/aigc_bench_ext/images/StarGAN/ood_0017190.jpg,1,aigc_bench_ext,StarGAN
corpora/aigc_bench_ext/images/StarGAN/ood_0017222.jpg,1,aigc_bench_ext,StarGAN
corpora/aigc_bench_ext/images/StarGAN/ood_0017254.jpg,1,aigc_bench_ext,StarGAN
corpora/aigc_bench_ext/images/StarGAN/ood_0017286.jpg,1,aigc_bench_ext,StarGAN
corpora/aigc_bench_ext/images/StarGAN/ood_0017318.jpg,1,aigc_bench_ext,StarGAN
corpora/aigc_bench_ext/images/StarGAN/ood_0017350.jpg,1,aigc_bench_ext,StarGAN
corpora/aigc_bench_ext/images/StarGAN/ood_0017382.jpg,1,aigc_bench_ext,StarGAN
corpora/aigc_bench_ext/images/StarGAN/ood_0017414.jpg,1,aigc_bench_ext,StarGAN
corpora/aigc_bench_ext/images/StarGAN/ood_0017446.jpg,1,aigc_bench_ext,StarGAN
corpora/aigc_bench_ext/images/StarGAN/ood_0017478.jpg,1,aigc_bench_ext,StarGAN
corpora/aigc_bench_ext/images/StarGAN/ood_0017510.jpg,1,aigc_bench_ext,StarGAN
corpora/aigc_bench_ext/images/StarGAN/ood_0017542.jpg,1,aigc_bench_ext,StarGAN
corpora/aigc_bench_ext/images/StarGAN/ood_0017574.jpg,1,aigc_bench_ext,StarGAN
corpora/aigc_bench_ext/images/StarGAN/ood_0017606.jpg,1,aigc_bench_ext,StarGAN
corpora/aigc_bench_ext/images/StarGAN/ood_0017638.jpg,1,aigc_bench_ext,StarGAN
corpora/aigc_bench_ext/images/StarGAN/ood_0017670.jpg,1,aigc_bench_ext,StarGAN
corpora/aigc_bench_ext/images/StarGAN/ood_0017702.jpg,1,aigc_bench_ext,StarGAN
corpora/aigc_bench_ext/images/StarGAN/ood_0017734.jpg,1,aigc_bench_ext,StarGAN
corpora/aigc_bench_ext/images/StarGAN/ood_0017766.jpg,1,aigc_bench_ext,StarGAN
corpora/aigc_bench_ext/images/StarGAN/ood_0017798.jpg,1,aigc_bench_ext,StarGAN
corpora/aigc_bench_ext/images/StarGAN/ood_0017830.jpg,1,aigc_bench_ext,StarGAN
corpora/aigc_bench_ext/images/StarGAN/ood_0017862.jpg,1,aigc_bench_ext,StarGAN
corpora/aigc_bench_ext/images/StarGAN/ood_0017894.jpg,1,aigc_bench_ext,StarGAN
corpora/aigc_bench_ext/images/StarGAN/ood_0017926.jpg,1,aigc_bench_ext,StarGAN
corpora/aigc_bench_ext/images/StarGAN/ood_0017958.jpg,1,aigc_bench_ext,StarGAN
corpora/aigc_bench_ext/images/StarGAN/ood_0017990.jpg,1,aigc_bench_ext,StarGAN
corpora/aigc_bench_ext/images/StarGAN/ood_0018022.jpg,1,aigc_bench_ext,StarGAN
corpora/aigc_bench_ext/images/StarGAN/ood_0018054.jpg,1,aigc_bench_ext,StarGAN
corpora/aigc_bench_ext/images/StarGAN/ood_0018086.jpg,1,aigc_bench_ext,StarGAN
corpora/aigc_bench_ext/images/StarGAN/ood_0018118.jpg,1,aigc_bench_ext,StarGAN
corpora/aigc_bench_ext/images/StarGAN/ood_0018150.jpg,1,aigc_bench_ext,StarGAN
corpora/aigc_bench_ext/images/StarGAN/ood_0018182.jpg,1,aigc_bench_ext,StarGAN
corpora/aigc_bench_ext/images/StarGAN/ood_0018214.jpg,1,aigc_bench_ext,StarGAN
corpora/aigc_bench_ext/images/StarGAN/ood_0018246.jpg,1,aigc_bench_ext,StarGAN
corpora/aigc_bench_ext/images/StarGAN/ood_0018278.jpg,1,aigc_bench_ext,StarGAN
corpora/aigc_bench_ext/images/StarGAN/ood_0018310.jpg,1,aigc_bench_ext,StarGAN
corpora/aigc_bench_ext/images/StarGAN/ood_0018342.jpg,1,aigc_bench_ext,StarGAN
corpora/aigc_bench_ext/images/StarGAN/ood_0018374.jpg,1,aigc_bench_ext,StarGAN
corpora/aigc_bench_ext/images/StarGAN/ood_0018406.jpg,1,aigc_bench_ext,StarGAN
corpora/aigc_bench_ext/images/StarGAN/ood_0018438.jpg,1,aigc_bench_ext,StarGAN
corpora/aigc_bench_ext/images/StarGAN/ood_0018470.jpg,1,aigc_bench_ext,StarGAN
corpora/aigc_bench_ext/images/StarGAN/ood_0018502.jpg,1,aigc_bench_ext,StarGAN
corpora/aigc_bench_ext/images/StarGAN/ood_0018534.jpg,1,aigc_bench_ext,StarGAN
corpora/aigc_bench_ext/images/StarGAN/ood_0018566.jpg,1,aigc_bench_ext,StarGAN
corpora/aigc_bench_ext/images/StarGAN/ood_0018598.jpg,1,aigc_bench_ext,StarGAN
corpora/aigc_bench_ext/images/StarGAN/ood_0018630.jpg,1,aigc_bench_ext,StarGAN
corpora/aigc_bench_ext/images/StarGAN/ood_0018662.jpg,1,aigc_bench_ext,StarGAN
corpora/aigc_bench_ext/images/StarGAN/ood_0018694.jpg,1,aigc_bench_ext,StarGAN
corpora/aigc_bench_ext/images/StarGAN/ood_0018726.jpg,1,aigc_bench_ext,StarGAN
corpora/aigc_bench_ext/images/StyleGAN/ood_0008424.jpg,1,aigc_bench_ext,StyleGAN
corpora/aigc_bench_ext/images/StyleGAN/ood_0008456.jpg,1,aigc_bench_ext,StyleGAN
corpora/aigc_bench_ext/images/StyleGAN/ood_0008488.jpg,1,aigc_bench_ext,StyleGAN
corpora/aigc_bench_ext/images/StyleGAN/ood_0008520.jpg,1,aigc_bench_ext,StyleGAN
corpora/aigc_bench_ext/images/StyleGAN/ood_0008552.jpg,1,aigc_bench_ext,StyleGAN
corpora/aigc_bench_ext/images/StyleGAN/ood_0008584.jpg,1,aigc_bench_ext,StyleGAN
corpora/aigc_bench_ext/images/StyleGAN/ood_0008616.jpg,1,aigc_bench_ext,StyleGAN
corpora/aigc_bench_ext/images/StyleGAN/ood_0008648.jpg,1,aigc_bench_ext,StyleGAN
corpora/aigc_bench_ext/images/StyleGAN/ood_0008680.jpg,1,aigc_bench_ext,StyleGAN
corpora/aigc_bench_ext/images/StyleGAN/ood_0008712.jpg,1,aigc_bench_ext,StyleGAN
corpora/aigc_bench_ext/images/StyleGAN/ood_0008744.jpg,1,aigc_bench_ext,StyleGAN
corpora/aigc_bench_ext/images/StyleGAN/ood_0008776.jpg,1,aigc_bench_ext,StyleGAN
corpora/aigc_bench_ext/images/StyleGAN/ood_0008808.jpg,1,aigc_bench_ext,StyleGAN
corpora/aigc_bench_ext/images/StyleGAN/ood_0008840.jpg,1,aigc_bench_ext,StyleGAN
corpora/aigc_bench_ext/images/StyleGAN/ood_0008872.jpg,1,aigc_bench_ext,StyleGAN
corpora/aigc_bench_ext/images/StyleGAN/ood_0008904.jpg,1,aigc_bench_ext,StyleGAN
corpora/aigc_bench_ext/images/StyleGAN/ood_0008936.jpg,1,aigc_bench_ext,StyleGAN
corpora/aigc_bench_ext/images/StyleGAN/ood_0008968.jpg,1,aigc_bench_ext,StyleGAN
corpora/aigc_bench_ext/images/StyleGAN/ood_0009000.jpg,1,aigc_bench_ext,StyleGAN
corpora/aigc_bench_ext/images/StyleGAN/ood_0009032.jpg,1,aigc_bench_ext,StyleGAN
corpora/aigc_bench_ext/images/StyleGAN/ood_0009064.jpg,1,aigc_bench_ext,StyleGAN
corpora/aigc_bench_ext/images/StyleGAN/ood_0009096.jpg,1,aigc_bench_ext,StyleGAN
corpora/aigc_bench_ext/images/StyleGAN/ood_0009128.jpg,1,aigc_bench_ext,StyleGAN
corpora/aigc_bench_ext/images/StyleGAN/ood_0009160.jpg,1,aigc_bench_ext,StyleGAN
corpora/aigc_bench_ext/images/StyleGAN/ood_0009192.jpg,1,aigc_bench_ext,StyleGAN
corpora/aigc_bench_ext/images/StyleGAN/ood_0009224.jpg,1,aigc_bench_ext,StyleGAN
corpora/aigc_bench_ext/images/StyleGAN/ood_0009256.jpg,1,aigc_bench_ext,StyleGAN
corpora/aigc_bench_ext/images/StyleGAN/ood_0009288.jpg,1,aigc_bench_ext,StyleGAN
corpora/aigc_bench_ext/images/StyleGAN/ood_0009320.jpg,1,aigc_bench_ext,StyleGAN
corpora/aigc_bench_ext/images/StyleGAN/ood_0009352.jpg,1,aigc_bench_ext,StyleGAN
corpora/aigc_bench_ext/images/StyleGAN/ood_0009384.jpg,1,aigc_bench_ext,StyleGAN
corpora/aigc_bench_ext/images/StyleGAN/ood_0009416.jpg,1,aigc_bench_ext,StyleGAN
corpora/aigc_bench_ext/images/StyleGAN/ood_0009448.jpg,1,aigc_bench_ext,StyleGAN
corpora/aigc_bench_ext/images/StyleGAN/ood_0009480.jpg,1,aigc_bench_ext,StyleGAN
corpora/aigc_bench_ext/images/StyleGAN/ood_0009512.jpg,1,aigc_bench_ext,StyleGAN
corpora/aigc_bench_ext/images/StyleGAN/ood_0009544.jpg,1,aigc_bench_ext,StyleGAN
corpora/aigc_bench_ext/images/StyleGAN/ood_0009576.jpg,1,aigc_bench_ext,StyleGAN
corpora/aigc_bench_ext/images/StyleGAN/ood_0009608.jpg,1,aigc_bench_ext,StyleGAN
corpora/aigc_bench_ext/images/StyleGAN/ood_0009640.jpg,1,aigc_bench_ext,StyleGAN
corpora/aigc_bench_ext/images/StyleGAN/ood_0009672.jpg,1,aigc_bench_ext,StyleGAN
corpora/aigc_bench_ext/images/StyleGAN/ood_0009704.jpg,1,aigc_bench_ext,StyleGAN
corpora/aigc_bench_ext/images/StyleGAN/ood_0009736.jpg,1,aigc_bench_ext,StyleGAN
corpora/aigc_bench_ext/images/StyleGAN/ood_0009768.jpg,1,aigc_bench_ext,StyleGAN
corpora/aigc_bench_ext/images/StyleGAN/ood_0009800.jpg,1,aigc_bench_ext,StyleGAN
corpora/aigc_bench_ext/images/StyleGAN/ood_0009832.jpg,1,aigc_bench_ext,StyleGAN
corpora/aigc_bench_ext/images/StyleGAN/ood_0009864.jpg,1,aigc_bench_ext,StyleGAN
corpora/aigc_bench_ext/images/StyleGAN/ood_0009896.jpg,1,aigc_bench_ext,StyleGAN
corpora/aigc_bench_ext/images/StyleGAN/ood_0009928.jpg,1,aigc_bench_ext,StyleGAN
corpora/aigc_bench_ext/images/StyleGAN/ood_0009960.jpg,1,aigc_bench_ext,StyleGAN
corpora/aigc_bench_ext/images/StyleGAN/ood_0009992.jpg,1,aigc_bench_ext,StyleGAN
corpora/aigc_bench_ext/images/StyleGAN/ood_0010024.jpg,1,aigc_bench_ext,StyleGAN
corpora/aigc_bench_ext/images/StyleGAN/ood_0010056.jpg,1,aigc_bench_ext,StyleGAN
corpora/aigc_bench_ext/images/StyleGAN/ood_0010088.jpg,1,aigc_bench_ext,StyleGAN
corpora/aigc_bench_ext/images/StyleGAN/ood_0010120.jpg,1,aigc_bench_ext,StyleGAN
corpora/aigc_bench_ext/images/StyleGAN/ood_0010152.jpg,1,aigc_bench_ext,StyleGAN
corpora/aigc_bench_ext/images/StyleGAN/ood_0010184.jpg,1,aigc_bench_ext,StyleGAN
corpora/aigc_bench_ext/images/StyleGAN/ood_0010216.jpg,1,aigc_bench_ext,StyleGAN
corpora/aigc_bench_ext/images/StyleGAN/ood_0010248.jpg,1,aigc_bench_ext,StyleGAN
corpora/aigc_bench_ext/images/StyleGAN/ood_0010280.jpg,1,aigc_bench_ext,StyleGAN
corpora/aigc_bench_ext/images/StyleGAN/ood_0010312.jpg,1,aigc_bench_ext,StyleGAN
corpora/aigc_bench_ext/images/StyleGAN/ood_0010344.jpg,1,aigc_bench_ext,StyleGAN
corpora/aigc_bench_ext/images/StyleGAN/ood_0010376.jpg,1,aigc_bench_ext,StyleGAN
corpora/aigc_bench_ext/images/StyleGAN/ood_0010408.jpg,1,aigc_bench_ext,StyleGAN
corpora/aigc_bench_ext/images/StyleGAN/ood_0010440.jpg,1,aigc_bench_ext,StyleGAN
corpora/aigc_bench_ext/images/StyleGAN/ood_0010472.jpg,1,aigc_bench_ext,StyleGAN
corpora/aigc_bench_ext/images/StyleGAN/ood_0010504.jpg,1,aigc_bench_ext,StyleGAN
corpora/aigc_bench_ext/images/StyleGAN/ood_0010536.jpg,1,aigc_bench_ext,StyleGAN
corpora/aigc_bench_ext/images/StyleGAN/ood_0010568.jpg,1,aigc_bench_ext,StyleGAN
corpora/aigc_bench_ext/images/StyleGAN/ood_0010600.jpg,1,aigc_bench_ext,StyleGAN
corpora/aigc_bench_ext/images/StyleGAN/ood_0010632.jpg,1,aigc_bench_ext,StyleGAN
corpora/aigc_bench_ext/images/StyleGAN/ood_0010664.jpg,1,aigc_bench_ext,StyleGAN
corpora/aigc_bench_ext/images/StyleGAN/ood_0010696.jpg,1,aigc_bench_ext,StyleGAN
corpora/aigc_bench_ext/images/StyleGAN/ood_0010728.jpg,1,aigc_bench_ext,StyleGAN
corpora/aigc_bench_ext/images/StyleGAN/ood_0010760.jpg,1,aigc_bench_ext,StyleGAN
corpora/aigc_bench_ext/images/StyleGAN/ood_0010792.jpg,1,aigc_bench_ext,StyleGAN
corpora/aigc_bench_ext/images/StyleGAN/ood_0010824.jpg,1,aigc_bench_ext,StyleGAN
corpora/aigc_bench_ext/images/StyleGAN/ood_0010856.jpg,1,aigc_bench_ext,StyleGAN
corpora/aigc_bench_ext/images/StyleGAN/ood_0010888.jpg,1,aigc_bench_ext,StyleGAN
corpora/aigc_bench_ext/images/StyleGAN/ood_0010920.jpg,1,aigc_bench_ext,StyleGAN
corpora/aigc_bench_ext/images/StyleGAN/ood_0010952.jpg,1,aigc_bench_ext,StyleGAN
corpora/aigc_bench_ext/images/StyleGAN/ood_0010984.jpg,1,aigc_bench_ext,StyleGAN
corpora/aigc_bench_ext/images/StyleGAN/ood_0011016.jpg,1,aigc_bench_ext,StyleGAN
corpora/aigc_bench_ext/images/StyleGAN/ood_0011048.jpg,1,aigc_bench_ext,StyleGAN
corpora/aigc_bench_ext/images/StyleGAN/ood_0011080.jpg,1,aigc_bench_ext,StyleGAN
corpora/aigc_bench_ext/images/StyleGAN/ood_0011112.jpg,1,aigc_bench_ext,StyleGAN
corpora/aigc_bench_ext/images/StyleGAN/ood_0011144.jpg,1,aigc_bench_ext,StyleGAN
corpora/aigc_bench_ext/images/StyleGAN/ood_0011176.jpg,1,aigc_bench_ext,StyleGAN
corpora/aigc_bench_ext/images/StyleGAN/ood_0011208.jpg,1,aigc_bench_ext,StyleGAN
corpora/aigc_bench_ext/images/StyleGAN/ood_0011240.jpg,1,aigc_bench_ext,StyleGAN
corpora/aigc_bench_ext/images/StyleGAN/ood_0011272.jpg,1,aigc_bench_ext,StyleGAN
corpora/aigc_bench_ext/images/StyleGAN/ood_0011304.jpg,1,aigc_bench_ext,StyleGAN
corpora/aigc_bench_ext/images/StyleGAN/ood_0011336.jpg,1,aigc_bench_ext,StyleGAN
corpora/aigc_bench_ext/images/StyleGAN/ood_0011368.jpg,1,aigc_bench_ext,StyleGAN
corpora/aigc_bench_ext/images/StyleGAN/ood_0011400.jpg,1,aigc_bench_ext,StyleGAN
corpora/aigc_bench_ext/images/StyleGAN/ood_0011432.jpg,1,aigc_bench_ext,StyleGAN
corpora/aigc_bench_ext/images/StyleGAN/ood_0011464.jpg,1,aigc_bench_ext,StyleGAN
corpora/aigc_bench_ext/images/StyleGAN/ood_0011496.jpg,1,aigc_bench_ext,StyleGAN
corpora/aigc_bench_ext/images/StyleGAN/ood_0011528.jpg,1,aigc_bench_ext,StyleGAN
corpora/aigc_bench_ext/images/StyleGAN/ood_0011560.jpg,1,aigc_bench_ext,StyleGAN
corpora/aigc_bench_ext/images/StyleGAN/ood_0011592.jpg,1,aigc_bench_ext,StyleGAN
corpora/aigc_bench_ext/images/StyleGAN/ood_0011624.jpg,1,aigc_bench_ext,StyleGAN
corpora/aigc_bench_ext/images/StyleGAN/ood_0011656.jpg,1,aigc_bench_ext,StyleGAN
corpora/aigc_bench_ext/images/StyleGAN/ood_0011688.jpg,1,aigc_bench_ext,StyleGAN
corpora/aigc_bench_ext/images/StyleGAN/ood_0011720.jpg,1,aigc_bench_ext,StyleGAN
corpora/aigc_bench_ext/images/StyleGAN/ood_0011752.jpg,1,aigc_bench_ext,StyleGAN
corpora/aigc_bench_ext/images/StyleGAN/ood_0011784.jpg,1,aigc_bench_ext,StyleGAN
corpora/aigc_bench_ext/images/StyleGAN/ood_0011816.jpg,1,aigc_bench_ext,StyleGAN
corpora/aigc_bench_ext/images/StyleGAN/ood_0011848.jpg,1,aigc_bench_ext,StyleGAN
corpora/aigc_bench_ext/images/StyleGAN/ood_0011880.jpg,1,aigc_bench_ext,StyleGAN
corpora/aigc_bench_ext/images/StyleGAN/ood_0011912.jpg,1,aigc_bench_ext,StyleGAN
corpora/aigc_bench_ext/images/StyleGAN/ood_0011944.jpg,1,aigc_bench_ext,StyleGAN
corpora/aigc_bench_ext/images/StyleGAN/ood_0011976.jpg,1,aigc_bench_ext,StyleGAN
corpora/aigc_bench_ext/images/StyleGAN/ood_0012008.jpg,1,aigc_bench_ext,StyleGAN
corpora/aigc_bench_ext/images/StyleGAN/ood_0012040.jpg,1,aigc_bench_ext,StyleGAN
corpora/aigc_bench_ext/images/StyleGAN/ood_0012072.jpg,1,aigc_bench_ext,StyleGAN
corpora/aigc_bench_ext/images/StyleGAN/ood_0012104.jpg,1,aigc_bench_ext,StyleGAN
corpora/aigc_bench_ext/images/StyleGAN/ood_0012136.jpg,1,aigc_bench_ext,StyleGAN
corpora/aigc_bench_ext/images/StyleGAN/ood_0012168.jpg,1,aigc_bench_ext,StyleGAN
corpora/aigc_bench_ext/images/StyleGAN/ood_0012200.jpg,1,aigc_bench_ext,StyleGAN
corpora/aigc_bench_ext/images/StyleGAN/ood_0012232.jpg,1,aigc_bench_ext,StyleGAN
corpora/aigc_bench_ext/images/StyleGAN/ood_0012264.jpg,1,aigc_bench_ext,StyleGAN
corpora/aigc_bench_ext/images/StyleGAN/ood_0012296.jpg,1,aigc_bench_ext,StyleGAN
corpora/aigc_bench_ext/images/StyleGAN/ood_0012328.jpg,1,aigc_bench_ext,StyleGAN
corpora/aigc_bench_ext/images/StyleGAN/ood_0012360.jpg,1,aigc_bench_ext,StyleGAN
corpora/aigc_bench_ext/images/StyleGAN/ood_0012392.jpg,1,aigc_bench_ext,StyleGAN
corpora/aigc_bench_ext/images/StyleGAN/ood_0012424.jpg,1,aigc_bench_ext,StyleGAN
corpora/aigc_bench_ext/images/StyleGAN/ood_0012456.jpg,1,aigc_bench_ext,StyleGAN
corpora/aigc_bench_ext/images/StyleGAN/ood_0012488.jpg,1,aigc_bench_ext,StyleGAN
corpora/aigc_bench_ext/images/StyleGAN/ood_0012520.jpg,1,aigc_bench_ext,StyleGAN
corpora/aigc_bench_ext/images/StyleGAN/ood_0012552.jpg,1,aigc_bench_ext,StyleGAN
corpora/aigc_bench_ext/images/StyleGAN/ood_0012584.jpg,1,aigc_bench_ext,StyleGAN
corpora/aigc_bench_ext/images/StyleGAN/ood_0012616.jpg,1,aigc_bench_ext,StyleGAN
corpora/aigc_bench_ext/images/StyleGAN/ood_0012648.jpg,1,aigc_bench_ext,StyleGAN
corpora/aigc_bench_ext/images/StyleGAN/ood_0012680.jpg,1,aigc_bench_ext,StyleGAN
corpora/aigc_bench_ext/images/StyleGAN/ood_0012712.jpg,1,aigc_bench_ext,StyleGAN
corpora/aigc_bench_ext/images/StyleGAN/ood_0012744.jpg,1,aigc_bench_ext,StyleGAN
corpora/aigc_bench_ext/images/StyleGAN/ood_0012776.jpg,1,aigc_bench_ext,StyleGAN
corpora/aigc_bench_ext/images/StyleGAN/ood_0012808.jpg,1,aigc_bench_ext,StyleGAN
corpora/aigc_bench_ext/images/StyleGAN/ood_0012840.jpg,1,aigc_bench_ext,StyleGAN
corpora/aigc_bench_ext/images/StyleGAN/ood_0012872.jpg,1,aigc_bench_ext,StyleGAN
corpora/aigc_bench_ext/images/StyleGAN/ood_0012904.jpg,1,aigc_bench_ext,StyleGAN
corpora/aigc_bench_ext/images/StyleGAN/ood_0012936.jpg,1,aigc_bench_ext,StyleGAN
corpora/aigc_bench_ext/images/StyleGAN/ood_0012968.jpg,1,aigc_bench_ext,StyleGAN
corpora/aigc_bench_ext/images/StyleGAN/ood_0013000.jpg,1,aigc_bench_ext,StyleGAN
corpora/aigc_bench_ext/images/StyleGAN/ood_0013032.jpg,1,aigc_bench_ext,StyleGAN
corpora/aigc_bench_ext/images/StyleGAN/ood_0013064.jpg,1,aigc_bench_ext,StyleGAN
corpora/aigc_bench_ext/images/StyleGAN/ood_0013096.jpg,1,aigc_bench_ext,StyleGAN
corpora/aigc_bench_ext/images/StyleGAN/ood_0013128.jpg,1,aigc_bench_ext,StyleGAN
corpora/aigc_bench_ext/images/StyleGAN/ood_0013160.jpg,1,aigc_bench_ext,StyleGAN
corpora/aigc_bench_ext/images/StyleGAN/ood_0013192.jpg,1,aigc_bench_ext,StyleGAN
corpora/aigc_bench_ext/images/StyleGAN/ood_0013224.jpg,1,aigc_bench_ext,StyleGAN
corpora/aigc_bench_ext/images/StyleGAN/ood_0013256.jpg,1,aigc_bench_ext,StyleGAN
corpora/aigc_bench_ext/images/StyleGAN/ood_0013288.jpg,1,aigc_bench_ext,StyleGAN
corpora/aigc_bench_ext/images/StyleGAN/ood_0013320.jpg,1,aigc_bench_ext,StyleGAN
corpora/aigc_bench_ext/images/StyleGAN/ood_0013352.jpg,1,aigc_bench_ext,StyleGAN
corpora/aigc_bench_ext/images/StyleGAN/ood_0013384.jpg,1,aigc_bench_ext,StyleGAN
corpora/aigc_bench_ext/images/StyleGAN/ood_0013416.jpg,1,aigc_bench_ext,StyleGAN
corpora/aigc_bench_ext/images/StyleGAN/ood_0013448.jpg,1,aigc_bench_ext,StyleGAN
corpora/aigc_bench_ext/images/StyleGAN/ood_0013480.jpg,1,aigc_bench_ext,StyleGAN
corpora/aigc_bench_ext/images/StyleGAN/ood_0013512.jpg,1,aigc_bench_ext,StyleGAN
corpora/aigc_bench_ext/images/StyleGAN/ood_0013544.jpg,1,aigc_bench_ext,StyleGAN
corpora/aigc_bench_ext/images/StyleGAN/ood_0013576.jpg,1,aigc_bench_ext,StyleGAN
corpora/aigc_bench_ext/images/StyleGAN/ood_0013608.jpg,1,aigc_bench_ext,StyleGAN
corpora/aigc_bench_ext/images/StyleGAN/ood_0013640.jpg,1,aigc_bench_ext,StyleGAN
corpora/aigc_bench_ext/images/StyleGAN/ood_0013672.jpg,1,aigc_bench_ext,StyleGAN
corpora/aigc_bench_ext/images/StyleGAN/ood_0013704.jpg,1,aigc_bench_ext,StyleGAN
corpora/aigc_bench_ext/images/StyleGAN/ood_0013736.jpg,1,aigc_bench_ext,StyleGAN
corpora/aigc_bench_ext/images/StyleGAN/ood_0013768.jpg,1,aigc_bench_ext,StyleGAN
corpora/aigc_bench_ext/images/StyleGAN/ood_0013800.jpg,1,aigc_bench_ext,StyleGAN
corpora/aigc_bench_ext/images/StyleGAN/ood_0013832.jpg,1,aigc_bench_ext,StyleGAN
corpora/aigc_bench_ext/images/StyleGAN/ood_0013864.jpg,1,aigc_bench_ext,StyleGAN
corpora/aigc_bench_ext/images/StyleGAN/ood_0013896.jpg,1,aigc_bench_ext,StyleGAN
corpora/aigc_bench_ext/images/StyleGAN/ood_0013928.jpg,1,aigc_bench_ext,StyleGAN
corpora/aigc_bench_ext/images/StyleGAN/ood_0013960.jpg,1,aigc_bench_ext,StyleGAN
corpora/aigc_bench_ext/images/StyleGAN/ood_0013992.jpg,1,aigc_bench_ext,StyleGAN
corpora/aigc_bench_ext/images/StyleGAN/ood_0014024.jpg,1,aigc_bench_ext,StyleGAN
corpora/aigc_bench_ext/images/StyleGAN/ood_0014056.jpg,1,aigc_bench_ext,StyleGAN
corpora/aigc_bench_ext/images/StyleGAN/ood_0014088.jpg,1,aigc_bench_ext,StyleGAN
corpora/aigc_bench_ext/images/StyleGAN/ood_0014120.jpg,1,aigc_bench_ext,StyleGAN
corpora/aigc_bench_ext/images/StyleGAN/ood_0014152.jpg,1,aigc_bench_ext,StyleGAN
corpora/aigc_bench_ext/images/StyleGAN/ood_0014184.jpg,1,aigc_bench_ext,StyleGAN
corpora/aigc_bench_ext/images/StyleGAN/ood_0014216.jpg,1,aigc_bench_ext,StyleGAN
corpora/aigc_bench_ext/images/StyleGAN/ood_0014248.jpg,1,aigc_bench_ext,StyleGAN
corpora/aigc_bench_ext/images/StyleGAN/ood_0014280.jpg,1,aigc_bench_ext,StyleGAN
corpora/aigc_bench_ext/images/StyleGAN/ood_0014312.jpg,1,aigc_bench_ext,StyleGAN
corpora/aigc_bench_ext/images/StyleGAN/ood_0014344.jpg,1,aigc_bench_ext,StyleGAN
corpora/aigc_bench_ext/images/StyleGAN/ood_0014376.jpg,1,aigc_bench_ext,StyleGAN
corpora/aigc_bench_ext/images/StyleGAN/ood_0014408.jpg,1,aigc_bench_ext,StyleGAN
corpora/aigc_bench_ext/images/StyleGAN/ood_0014440.jpg,1,aigc_bench_ext,StyleGAN
corpora/aigc_bench_ext/images/StyleGAN/ood_0014472.jpg,1,aigc_bench_ext,StyleGAN
corpora/aigc_bench_ext/images/StyleGAN/ood_0014504.jpg,1,aigc_bench_ext,StyleGAN
corpora/aigc_bench_ext/images/StyleGAN/ood_0014536.jpg,1,aigc_bench_ext,StyleGAN
corpora/aigc_bench_ext/images/StyleGAN/ood_0014568.jpg,1,aigc_bench_ext,StyleGAN
corpora/aigc_bench_ext/images/StyleGAN/ood_0014600.jpg,1,aigc_bench_ext,StyleGAN
corpora/aigc_bench_ext/images/StyleGAN/ood_0014632.jpg,1,aigc_bench_ext,StyleGAN
corpora/aigc_bench_ext/images/StyleGAN/ood_0014664.jpg,1,aigc_bench_ext,StyleGAN
corpora/aigc_bench_ext/images/StyleGAN/ood_0014696.jpg,1,aigc_bench_ext,StyleGAN
corpora/aigc_bench_ext/images/StyleGAN/ood_0014728.jpg,1,aigc_bench_ext,StyleGAN
corpora/aigc_bench_ext/images/StyleGAN/ood_0014760.jpg,1,aigc_bench_ext,StyleGAN
corpora/aigc_bench_ext/images/StyleGAN/ood_0014792.jpg,1,aigc_bench_ext,StyleGAN
corpora/aigc_bench_ext/images/StyleGAN/ood_0014824.jpg,1,aigc_bench_ext,StyleGAN
corpora/aigc_bench_ext/images/StyleGAN/ood_0014856.jpg,1,aigc_bench_ext,StyleGAN
corpora/aigc_bench_ext/images/StyleGAN/ood_0014888.jpg,1,aigc_bench_ext,StyleGAN
corpora/aigc_bench_ext/images/StyleGAN/ood_0014920.jpg,1,aigc_bench_ext,StyleGAN
corpora/aigc_bench_ext/images/StyleGAN/ood_0014952.jpg,1,aigc_bench_ext,StyleGAN
corpora/aigc_bench_ext/images/StyleGAN/ood_0014984.jpg,1,aigc_bench_ext,StyleGAN
corpora/aigc_bench_ext/images/StyleGAN/ood_0015016.jpg,1,aigc_bench_ext,StyleGAN
corpora/aigc_bench_ext/images/StyleGAN/ood_0015048.jpg,1,aigc_bench_ext,StyleGAN
corpora/aigc_bench_ext/images/StyleGAN/ood_0015080.jpg,1,aigc_bench_ext,StyleGAN
corpora/aigc_bench_ext/images/StyleGAN/ood_0015112.jpg,1,aigc_bench_ext,StyleGAN
corpora/aigc_bench_ext/images/StyleGAN/ood_0015144.jpg,1,aigc_bench_ext,StyleGAN
corpora/aigc_bench_ext/images/StyleGAN/ood_0015176.jpg,1,aigc_bench_ext,StyleGAN
corpora/aigc_bench_ext/images/StyleGAN/ood_0015208.jpg,1,aigc_bench_ext,StyleGAN
corpora/aigc_bench_ext/images/StyleGAN/ood_0015240.jpg,1,aigc_bench_ext,StyleGAN
corpora/aigc_bench_ext/images/StyleGAN/ood_0015272.jpg,1,aigc_bench_ext,StyleGAN
corpora/aigc_bench_ext/images/StyleGAN/ood_0015304.jpg,1,aigc_bench_ext,StyleGAN
corpora/aigc_bench_ext/images/StyleGAN/ood_0015336.jpg,1,aigc_bench_ext,StyleGAN
corpora/aigc_bench_ext/images/StyleGAN/ood_0015368.jpg,1,aigc_bench_ext,StyleGAN
corpora/aigc_bench_ext/images/StyleGAN/ood_0015400.jpg,1,aigc_bench_ext,StyleGAN
corpora/aigc_bench_ext/images/StyleGAN/ood_0015432.jpg,1,aigc_bench_ext,StyleGAN
corpora/aigc_bench_ext/images/StyleGAN/ood_0015464.jpg,1,aigc_bench_ext,StyleGAN
corpora/aigc_bench_ext/images/StyleGAN/ood_0015496.jpg,1,aigc_bench_ext,StyleGAN
corpora/aigc_bench_ext/images/StyleGAN/ood_0015528.jpg,1,aigc_bench_ext,StyleGAN
corpora/aigc_bench_ext/images/StyleGAN/ood_0015560.jpg,1,aigc_bench_ext,StyleGAN
corpora/aigc_bench_ext/images/StyleGAN/ood_0015592.jpg,1,aigc_bench_ext,StyleGAN
corpora/aigc_bench_ext/images/StyleGAN/ood_0015624.jpg,1,aigc_bench_ext,StyleGAN
corpora/aigc_bench_ext/images/StyleGAN/ood_0015656.jpg,1,aigc_bench_ext,StyleGAN
corpora/aigc_bench_ext/images/StyleGAN/ood_0015688.jpg,1,aigc_bench_ext,StyleGAN
corpora/aigc_bench_ext/images/StyleGAN/ood_0015720.jpg,1,aigc_bench_ext,StyleGAN
corpora/aigc_bench_ext/images/StyleGAN/ood_0015752.jpg,1,aigc_bench_ext,StyleGAN
corpora/aigc_bench_ext/images/StyleGAN/ood_0015784.jpg,1,aigc_bench_ext,StyleGAN
corpora/aigc_bench_ext/images/StyleGAN/ood_0015816.jpg,1,aigc_bench_ext,StyleGAN
corpora/aigc_bench_ext/images/StyleGAN/ood_0015848.jpg,1,aigc_bench_ext,StyleGAN
corpora/aigc_bench_ext/images/StyleGAN/ood_0015880.jpg,1,aigc_bench_ext,StyleGAN
corpora/aigc_bench_ext/images/StyleGAN/ood_0015912.jpg,1,aigc_bench_ext,StyleGAN
corpora/aigc_bench_ext/images/StyleGAN/ood_0015944.jpg,1,aigc_bench_ext,StyleGAN
corpora/aigc_bench_ext/images/StyleGAN/ood_0015976.jpg,1,aigc_bench_ext,StyleGAN
corpora/aigc_bench_ext/images/StyleGAN/ood_0016008.jpg,1,aigc_bench_ext,StyleGAN
corpora/aigc_bench_ext/images/StyleGAN/ood_0016040.jpg,1,aigc_bench_ext,StyleGAN
corpora/aigc_bench_ext/images/StyleGAN/ood_0016072.jpg,1,aigc_bench_ext,StyleGAN
corpora/aigc_bench_ext/images/StyleGAN/ood_0016104.jpg,1,aigc_bench_ext,StyleGAN
corpora/aigc_bench_ext/images/StyleGAN/ood_0016136.jpg,1,aigc_bench_ext,StyleGAN
corpora/aigc_bench_ext/images/StyleGAN/ood_0016168.jpg,1,aigc_bench_ext,StyleGAN
corpora/aigc_bench_ext/images/StyleGAN/ood_0016200.jpg,1,aigc_bench_ext,StyleGAN
corpora/aigc_bench_ext/images/StyleGAN/ood_0016232.jpg,1,aigc_bench_ext,StyleGAN
corpora/aigc_bench_ext/images/StyleGAN/ood_0016264.jpg,1,aigc_bench_ext,StyleGAN
corpora/aigc_bench_ext/images/StyleGAN/ood_0016296.jpg,1,aigc_bench_ext,StyleGAN
corpora/aigc_bench_ext/images/StyleGAN/ood_0016328.jpg,1,aigc_bench_ext,StyleGAN
corpora/aigc_bench_ext/images/StyleGAN/ood_0016360.jpg,1,aigc_bench_ext,StyleGAN
corpora/aigc_bench_ext/images/StyleGAN/ood_0016392.jpg,1,aigc_bench_ext,StyleGAN
corpora/aigc_bench_ext/images/StyleGAN/ood_0016424.jpg,1,aigc_bench_ext,StyleGAN
corpora/aigc_bench_ext/images/StyleGAN/ood_0016456.jpg,1,aigc_bench_ext,StyleGAN
corpora/aigc_bench_ext/images/StyleGAN/ood_0016488.jpg,1,aigc_bench_ext,StyleGAN
corpora/aigc_bench_ext/images/StyleGAN/ood_0016520.jpg,1,aigc_bench_ext,StyleGAN
corpora/aigc_bench_ext/images/StyleGAN/ood_0016552.jpg,1,aigc_bench_ext,StyleGAN
corpora/aigc_bench_ext/images/StyleGAN/ood_0016584.jpg,1,aigc_bench_ext,StyleGAN
corpora/aigc_bench_ext/images/StyleGAN/ood_0016616.jpg,1,aigc_bench_ext,StyleGAN
corpora/aigc_bench_ext/images/StyleGAN/ood_0016648.jpg,1,aigc_bench_ext,StyleGAN
corpora/aigc_bench_ext/images/StyleGAN/ood_0016680.jpg,1,aigc_bench_ext,StyleGAN
corpora/aigc_bench_ext/images/StyleGAN/ood_0016712.jpg,1,aigc_bench_ext,StyleGAN
corpora/aigc_bench_ext/images/StyleGAN/ood_0016744.jpg,1,aigc_bench_ext,StyleGAN
corpora/aigc_bench_ext/images/StyleGAN/ood_0016776.jpg,1,aigc_bench_ext,StyleGAN
corpora/aigc_bench_ext/images/StyleGAN/ood_0016808.jpg,1,aigc_bench_ext,StyleGAN
corpora/aigc_bench_ext/images/StyleGAN/ood_0016840.jpg,1,aigc_bench_ext,StyleGAN
corpora/aigc_bench_ext/images/StyleGAN/ood_0016872.jpg,1,aigc_bench_ext,StyleGAN
corpora/aigc_bench_ext/images/StyleGAN/ood_0016904.jpg,1,aigc_bench_ext,StyleGAN
corpora/aigc_bench_ext/images/StyleGAN/ood_0016936.jpg,1,aigc_bench_ext,StyleGAN
corpora/aigc_bench_ext/images/StyleGAN/ood_0016968.jpg,1,aigc_bench_ext,StyleGAN
corpora/aigc_bench_ext/images/StyleGAN/ood_0017000.jpg,1,aigc_bench_ext,StyleGAN
corpora/aigc_bench_ext/images/StyleGAN/ood_0017032.jpg,1,aigc_bench_ext,StyleGAN
corpora/aigc_bench_ext/images/StyleGAN/ood_0017064.jpg,1,aigc_bench_ext,StyleGAN
corpora/aigc_bench_ext/images/StyleGAN/ood_0017096.jpg,1,aigc_bench_ext,StyleGAN
corpora/aigc_bench_ext/images/StyleGAN/ood_0017128.jpg,1,aigc_bench_ext,StyleGAN
corpora/aigc_bench_ext/images/StyleGAN/ood_0017160.jpg,1,aigc_bench_ext,StyleGAN
corpora/aigc_bench_ext/images/StyleGAN/ood_0017192.jpg,1,aigc_bench_ext,StyleGAN
corpora/aigc_bench_ext/images/StyleGAN/ood_0017224.jpg,1,aigc_bench_ext,StyleGAN
corpora/aigc_bench_ext/images/StyleGAN/ood_0017256.jpg,1,aigc_bench_ext,StyleGAN
corpora/aigc_bench_ext/images/StyleGAN/ood_0017288.jpg,1,aigc_bench_ext,StyleGAN
corpora/aigc_bench_ext/images/StyleGAN/ood_0017320.jpg,1,aigc_bench_ext,StyleGAN
corpora/aigc_bench_ext/images/StyleGAN/ood_0017352.jpg,1,aigc_bench_ext,StyleGAN
corpora/aigc_bench_ext/images/StyleGAN/ood_0017384.jpg,1,aigc_bench_ext,StyleGAN
corpora/aigc_bench_ext/images/StyleGAN/ood_0017416.jpg,1,aigc_bench_ext,StyleGAN
corpora/aigc_bench_ext/images/StyleGAN/ood_0017448.jpg,1,aigc_bench_ext,StyleGAN
corpora/aigc_bench_ext/images/StyleGAN/ood_0017480.jpg,1,aigc_bench_ext,StyleGAN
corpora/aigc_bench_ext/images/StyleGAN/ood_0017512.jpg,1,aigc_bench_ext,StyleGAN
corpora/aigc_bench_ext/images/StyleGAN/ood_0017544.jpg,1,aigc_bench_ext,StyleGAN
corpora/aigc_bench_ext/images/StyleGAN/ood_0017576.jpg,1,aigc_bench_ext,StyleGAN
corpora/aigc_bench_ext/images/StyleGAN/ood_0017608.jpg,1,aigc_bench_ext,StyleGAN
corpora/aigc_bench_ext/images/StyleGAN/ood_0017640.jpg,1,aigc_bench_ext,StyleGAN
corpora/aigc_bench_ext/images/StyleGAN/ood_0017672.jpg,1,aigc_bench_ext,StyleGAN
corpora/aigc_bench_ext/images/StyleGAN/ood_0017704.jpg,1,aigc_bench_ext,StyleGAN
corpora/aigc_bench_ext/images/StyleGAN/ood_0017736.jpg,1,aigc_bench_ext,StyleGAN
corpora/aigc_bench_ext/images/StyleGAN/ood_0017768.jpg,1,aigc_bench_ext,StyleGAN
corpora/aigc_bench_ext/images/StyleGAN/ood_0017800.jpg,1,aigc_bench_ext,StyleGAN
corpora/aigc_bench_ext/images/StyleGAN/ood_0017832.jpg,1,aigc_bench_ext,StyleGAN
corpora/aigc_bench_ext/images/StyleGAN/ood_0017864.jpg,1,aigc_bench_ext,StyleGAN
corpora/aigc_bench_ext/images/StyleGAN/ood_0017896.jpg,1,aigc_bench_ext,StyleGAN
corpora/aigc_bench_ext/images/StyleGAN/ood_0017928.jpg,1,aigc_bench_ext,StyleGAN
corpora/aigc_bench_ext/images/StyleGAN/ood_0017960.jpg,1,aigc_bench_ext,StyleGAN
corpora/aigc_bench_ext/images/StyleGAN/ood_0017992.jpg,1,aigc_bench_ext,StyleGAN
corpora/aigc_bench_ext/images/StyleGAN/ood_0018024.jpg,1,aigc_bench_ext,StyleGAN
corpora/aigc_bench_ext/images/StyleGAN/ood_0018056.jpg,1,aigc_bench_ext,StyleGAN
corpora/aigc_bench_ext/images/StyleGAN/ood_0018088.jpg,1,aigc_bench_ext,StyleGAN
corpora/aigc_bench_ext/images/StyleGAN/ood_0018120.jpg,1,aigc_bench_ext,StyleGAN
corpora/aigc_bench_ext/images/StyleGAN/ood_0018152.jpg,1,aigc_bench_ext,StyleGAN
corpora/aigc_bench_ext/images/StyleGAN/ood_0018184.jpg,1,aigc_bench_ext,StyleGAN
corpora/aigc_bench_ext/images/StyleGAN/ood_0018216.jpg,1,aigc_bench_ext,StyleGAN
corpora/aigc_bench_ext/images/StyleGAN/ood_0018248.jpg,1,aigc_bench_ext,StyleGAN
corpora/aigc_bench_ext/images/StyleGAN/ood_0018280.jpg,1,aigc_bench_ext,StyleGAN
corpora/aigc_bench_ext/images/StyleGAN/ood_0018312.jpg,1,aigc_bench_ext,StyleGAN
corpora/aigc_bench_ext/images/StyleGAN/ood_0018344.jpg,1,aigc_bench_ext,StyleGAN
corpora/aigc_bench_ext/images/StyleGAN/ood_0018376.jpg,1,aigc_bench_ext,StyleGAN
corpora/aigc_bench_ext/images/StyleGAN/ood_0018408.jpg,1,aigc_bench_ext,StyleGAN
corpora/aigc_bench_ext/images/StyleGAN/ood_0018440.jpg,1,aigc_bench_ext,StyleGAN
corpora/aigc_bench_ext/images/StyleGAN/ood_0018472.jpg,1,aigc_bench_ext,StyleGAN
corpora/aigc_bench_ext/images/StyleGAN/ood_0018504.jpg,1,aigc_bench_ext,StyleGAN
corpora/aigc_bench_ext/images/StyleGAN/ood_0018536.jpg,1,aigc_bench_ext,StyleGAN
corpora/aigc_bench_ext/images/StyleGAN/ood_0018568.jpg,1,aigc_bench_ext,StyleGAN
corpora/aigc_bench_ext/images/StyleGAN/ood_0018600.jpg,1,aigc_bench_ext,StyleGAN
corpora/aigc_bench_ext/images/StyleGAN/ood_0018632.jpg,1,aigc_bench_ext,StyleGAN
corpora/aigc_bench_ext/images/StyleGAN/ood_0018664.jpg,1,aigc_bench_ext,StyleGAN
corpora/aigc_bench_ext/images/StyleGAN/ood_0018696.jpg,1,aigc_bench_ext,StyleGAN
corpora/aigc_bench_ext/images/StyleGAN/ood_0018728.jpg,1,aigc_bench_ext,StyleGAN
corpora/aigc_bench_ext/images/StyleGAN2/ood_0008426.jpg,1,aigc_bench_ext,StyleGAN2
corpora/aigc_bench_ext/images/StyleGAN2/ood_0008458.jpg,1,aigc_bench_ext,StyleGAN2
corpora/aigc_bench_ext/images/StyleGAN2/ood_0008490.jpg,1,aigc_bench_ext,StyleGAN2
corpora/aigc_bench_ext/images/StyleGAN2/ood_0008522.jpg,1,aigc_bench_ext,StyleGAN2
corpora/aigc_bench_ext/images/StyleGAN2/ood_0008554.jpg,1,aigc_bench_ext,StyleGAN2
corpora/aigc_bench_ext/images/StyleGAN2/ood_0008586.jpg,1,aigc_bench_ext,StyleGAN2
corpora/aigc_bench_ext/images/StyleGAN2/ood_0008618.jpg,1,aigc_bench_ext,StyleGAN2
corpora/aigc_bench_ext/images/StyleGAN2/ood_0008650.jpg,1,aigc_bench_ext,StyleGAN2
corpora/aigc_bench_ext/images/StyleGAN2/ood_0008682.jpg,1,aigc_bench_ext,StyleGAN2
corpora/aigc_bench_ext/images/StyleGAN2/ood_0008714.jpg,1,aigc_bench_ext,StyleGAN2
corpora/aigc_bench_ext/images/StyleGAN2/ood_0008746.jpg,1,aigc_bench_ext,StyleGAN2
corpora/aigc_bench_ext/images/StyleGAN2/ood_0008778.jpg,1,aigc_bench_ext,StyleGAN2
corpora/aigc_bench_ext/images/StyleGAN2/ood_0008810.jpg,1,aigc_bench_ext,StyleGAN2
corpora/aigc_bench_ext/images/StyleGAN2/ood_0008842.jpg,1,aigc_bench_ext,StyleGAN2
corpora/aigc_bench_ext/images/StyleGAN2/ood_0008874.jpg,1,aigc_bench_ext,StyleGAN2
corpora/aigc_bench_ext/images/StyleGAN2/ood_0008906.jpg,1,aigc_bench_ext,StyleGAN2
corpora/aigc_bench_ext/images/StyleGAN2/ood_0008938.jpg,1,aigc_bench_ext,StyleGAN2
corpora/aigc_bench_ext/images/StyleGAN2/ood_0008970.jpg,1,aigc_bench_ext,StyleGAN2
corpora/aigc_bench_ext/images/StyleGAN2/ood_0009002.jpg,1,aigc_bench_ext,StyleGAN2
corpora/aigc_bench_ext/images/StyleGAN2/ood_0009034.jpg,1,aigc_bench_ext,StyleGAN2
corpora/aigc_bench_ext/images/StyleGAN2/ood_0009066.jpg,1,aigc_bench_ext,StyleGAN2
corpora/aigc_bench_ext/images/StyleGAN2/ood_0009098.jpg,1,aigc_bench_ext,StyleGAN2
corpora/aigc_bench_ext/images/StyleGAN2/ood_0009130.jpg,1,aigc_bench_ext,StyleGAN2
corpora/aigc_bench_ext/images/StyleGAN2/ood_0009162.jpg,1,aigc_bench_ext,StyleGAN2
corpora/aigc_bench_ext/images/StyleGAN2/ood_0009194.jpg,1,aigc_bench_ext,StyleGAN2
corpora/aigc_bench_ext/images/StyleGAN2/ood_0009226.jpg,1,aigc_bench_ext,StyleGAN2
corpora/aigc_bench_ext/images/StyleGAN2/ood_0009258.jpg,1,aigc_bench_ext,StyleGAN2
corpora/aigc_bench_ext/images/StyleGAN2/ood_0009290.jpg,1,aigc_bench_ext,StyleGAN2
corpora/aigc_bench_ext/images/StyleGAN2/ood_0009322.jpg,1,aigc_bench_ext,StyleGAN2
corpora/aigc_bench_ext/images/StyleGAN2/ood_0009354.jpg,1,aigc_bench_ext,StyleGAN2
corpora/aigc_bench_ext/images/StyleGAN2/ood_0009386.jpg,1,aigc_bench_ext,StyleGAN2
corpora/aigc_bench_ext/images/StyleGAN2/ood_0009418.jpg,1,aigc_bench_ext,StyleGAN2
corpora/aigc_bench_ext/images/StyleGAN2/ood_0009450.jpg,1,aigc_bench_ext,StyleGAN2
corpora/aigc_bench_ext/images/StyleGAN2/ood_0009482.jpg,1,aigc_bench_ext,StyleGAN2
corpora/aigc_bench_ext/images/StyleGAN2/ood_0009514.jpg,1,aigc_bench_ext,StyleGAN2
corpora/aigc_bench_ext/images/StyleGAN2/ood_0009546.jpg,1,aigc_bench_ext,StyleGAN2
corpora/aigc_bench_ext/images/StyleGAN2/ood_0009578.jpg,1,aigc_bench_ext,StyleGAN2
corpora/aigc_bench_ext/images/StyleGAN2/ood_0009610.jpg,1,aigc_bench_ext,StyleGAN2
corpora/aigc_bench_ext/images/StyleGAN2/ood_0009642.jpg,1,aigc_bench_ext,StyleGAN2
corpora/aigc_bench_ext/images/StyleGAN2/ood_0009674.jpg,1,aigc_bench_ext,StyleGAN2
corpora/aigc_bench_ext/images/StyleGAN2/ood_0009706.jpg,1,aigc_bench_ext,StyleGAN2
corpora/aigc_bench_ext/images/StyleGAN2/ood_0009738.jpg,1,aigc_bench_ext,StyleGAN2
corpora/aigc_bench_ext/images/StyleGAN2/ood_0009770.jpg,1,aigc_bench_ext,StyleGAN2
corpora/aigc_bench_ext/images/StyleGAN2/ood_0009802.jpg,1,aigc_bench_ext,StyleGAN2
corpora/aigc_bench_ext/images/StyleGAN2/ood_0009834.jpg,1,aigc_bench_ext,StyleGAN2
corpora/aigc_bench_ext/images/StyleGAN2/ood_0009866.jpg,1,aigc_bench_ext,StyleGAN2
corpora/aigc_bench_ext/images/StyleGAN2/ood_0009898.jpg,1,aigc_bench_ext,StyleGAN2
corpora/aigc_bench_ext/images/StyleGAN2/ood_0009930.jpg,1,aigc_bench_ext,StyleGAN2
corpora/aigc_bench_ext/images/StyleGAN2/ood_0009962.jpg,1,aigc_bench_ext,StyleGAN2
corpora/aigc_bench_ext/images/StyleGAN2/ood_0009994.jpg,1,aigc_bench_ext,StyleGAN2
corpora/aigc_bench_ext/images/StyleGAN2/ood_0010026.jpg,1,aigc_bench_ext,StyleGAN2
corpora/aigc_bench_ext/images/StyleGAN2/ood_0010058.jpg,1,aigc_bench_ext,StyleGAN2
corpora/aigc_bench_ext/images/StyleGAN2/ood_0010090.jpg,1,aigc_bench_ext,StyleGAN2
corpora/aigc_bench_ext/images/StyleGAN2/ood_0010122.jpg,1,aigc_bench_ext,StyleGAN2
corpora/aigc_bench_ext/images/StyleGAN2/ood_0010154.jpg,1,aigc_bench_ext,StyleGAN2
corpora/aigc_bench_ext/images/StyleGAN2/ood_0010186.jpg,1,aigc_bench_ext,StyleGAN2
corpora/aigc_bench_ext/images/StyleGAN2/ood_0010218.jpg,1,aigc_bench_ext,StyleGAN2
corpora/aigc_bench_ext/images/StyleGAN2/ood_0010250.jpg,1,aigc_bench_ext,StyleGAN2
corpora/aigc_bench_ext/images/StyleGAN2/ood_0010282.jpg,1,aigc_bench_ext,StyleGAN2
corpora/aigc_bench_ext/images/StyleGAN2/ood_0010314.jpg,1,aigc_bench_ext,StyleGAN2
corpora/aigc_bench_ext/images/StyleGAN2/ood_0010346.jpg,1,aigc_bench_ext,StyleGAN2
corpora/aigc_bench_ext/images/StyleGAN2/ood_0010378.jpg,1,aigc_bench_ext,StyleGAN2
corpora/aigc_bench_ext/images/StyleGAN2/ood_0010410.jpg,1,aigc_bench_ext,StyleGAN2
corpora/aigc_bench_ext/images/StyleGAN2/ood_0010442.jpg,1,aigc_bench_ext,StyleGAN2
corpora/aigc_bench_ext/images/StyleGAN2/ood_0010474.jpg,1,aigc_bench_ext,StyleGAN2
corpora/aigc_bench_ext/images/StyleGAN2/ood_0010506.jpg,1,aigc_bench_ext,StyleGAN2
corpora/aigc_bench_ext/images/StyleGAN2/ood_0010538.jpg,1,aigc_bench_ext,StyleGAN2
corpora/aigc_bench_ext/images/StyleGAN2/ood_0010570.jpg,1,aigc_bench_ext,StyleGAN2
corpora/aigc_bench_ext/images/StyleGAN2/ood_0010602.jpg,1,aigc_bench_ext,StyleGAN2
corpora/aigc_bench_ext/images/StyleGAN2/ood_0010634.jpg,1,aigc_bench_ext,StyleGAN2
corpora/aigc_bench_ext/images/StyleGAN2/ood_0010666.jpg,1,aigc_bench_ext,StyleGAN2
corpora/aigc_bench_ext/images/StyleGAN2/ood_0010698.jpg,1,aigc_bench_ext,StyleGAN2
corpora/aigc_bench_ext/images/StyleGAN2/ood_0010730.jpg,1,aigc_bench_ext,StyleGAN2
corpora/aigc_bench_ext/images/StyleGAN2/ood_0010762.jpg,1,aigc_bench_ext,StyleGAN2
corpora/aigc_bench_ext/images/StyleGAN2/ood_0010794.jpg,1,aigc_bench_ext,StyleGAN2
corpora/aigc_bench_ext/images/StyleGAN2/ood_0010826.jpg,1,aigc_bench_ext,StyleGAN2
corpora/aigc_bench_ext/images/StyleGAN2/ood_0010858.jpg,1,aigc_bench_ext,StyleGAN2
corpora/aigc_bench_ext/images/StyleGAN2/ood_0010890.jpg,1,aigc_bench_ext,StyleGAN2
corpora/aigc_bench_ext/images/StyleGAN2/ood_0010922.jpg,1,aigc_bench_ext,StyleGAN2
corpora/aigc_bench_ext/images/StyleGAN2/ood_0010954.jpg,1,aigc_bench_ext,StyleGAN2
corpora/aigc_bench_ext/images/StyleGAN2/ood_0010986.jpg,1,aigc_bench_ext,StyleGAN2
corpora/aigc_bench_ext/images/StyleGAN2/ood_0011018.jpg,1,aigc_bench_ext,StyleGAN2
corpora/aigc_bench_ext/images/StyleGAN2/ood_0011050.jpg,1,aigc_bench_ext,StyleGAN2
corpora/aigc_bench_ext/images/StyleGAN2/ood_0011082.jpg,1,aigc_bench_ext,StyleGAN2
corpora/aigc_bench_ext/images/StyleGAN2/ood_0011114.jpg,1,aigc_bench_ext,StyleGAN2
corpora/aigc_bench_ext/images/StyleGAN2/ood_0011146.jpg,1,aigc_bench_ext,StyleGAN2
corpora/aigc_bench_ext/images/StyleGAN2/ood_0011178.jpg,1,aigc_bench_ext,StyleGAN2
corpora/aigc_bench_ext/images/StyleGAN2/ood_0011210.jpg,1,aigc_bench_ext,StyleGAN2
corpora/aigc_bench_ext/images/StyleGAN2/ood_0011242.jpg,1,aigc_bench_ext,StyleGAN2
corpora/aigc_bench_ext/images/StyleGAN2/ood_0011274.jpg,1,aigc_bench_ext,StyleGAN2
corpora/aigc_bench_ext/images/StyleGAN2/ood_0011306.jpg,1,aigc_bench_ext,StyleGAN2
corpora/aigc_bench_ext/images/StyleGAN2/ood_0011338.jpg,1,aigc_bench_ext,StyleGAN2
corpora/aigc_bench_ext/images/StyleGAN2/ood_0011370.jpg,1,aigc_bench_ext,StyleGAN2
corpora/aigc_bench_ext/images/StyleGAN2/ood_0011402.jpg,1,aigc_bench_ext,StyleGAN2
corpora/aigc_bench_ext/images/StyleGAN2/ood_0011434.jpg,1,aigc_bench_ext,StyleGAN2
corpora/aigc_bench_ext/images/StyleGAN2/ood_0011466.jpg,1,aigc_bench_ext,StyleGAN2
corpora/aigc_bench_ext/images/StyleGAN2/ood_0011498.jpg,1,aigc_bench_ext,StyleGAN2
corpora/aigc_bench_ext/images/StyleGAN2/ood_0011530.jpg,1,aigc_bench_ext,StyleGAN2
corpora/aigc_bench_ext/images/StyleGAN2/ood_0011562.jpg,1,aigc_bench_ext,StyleGAN2
corpora/aigc_bench_ext/images/StyleGAN2/ood_0011594.jpg,1,aigc_bench_ext,StyleGAN2
corpora/aigc_bench_ext/images/StyleGAN2/ood_0011626.jpg,1,aigc_bench_ext,StyleGAN2
corpora/aigc_bench_ext/images/StyleGAN2/ood_0011658.jpg,1,aigc_bench_ext,StyleGAN2
corpora/aigc_bench_ext/images/StyleGAN2/ood_0011690.jpg,1,aigc_bench_ext,StyleGAN2
corpora/aigc_bench_ext/images/StyleGAN2/ood_0011722.jpg,1,aigc_bench_ext,StyleGAN2
corpora/aigc_bench_ext/images/StyleGAN2/ood_0011754.jpg,1,aigc_bench_ext,StyleGAN2
corpora/aigc_bench_ext/images/StyleGAN2/ood_0011786.jpg,1,aigc_bench_ext,StyleGAN2
corpora/aigc_bench_ext/images/StyleGAN2/ood_0011818.jpg,1,aigc_bench_ext,StyleGAN2
corpora/aigc_bench_ext/images/StyleGAN2/ood_0011850.jpg,1,aigc_bench_ext,StyleGAN2
corpora/aigc_bench_ext/images/StyleGAN2/ood_0011882.jpg,1,aigc_bench_ext,StyleGAN2
corpora/aigc_bench_ext/images/StyleGAN2/ood_0011914.jpg,1,aigc_bench_ext,StyleGAN2
corpora/aigc_bench_ext/images/StyleGAN2/ood_0011946.jpg,1,aigc_bench_ext,StyleGAN2
corpora/aigc_bench_ext/images/StyleGAN2/ood_0011978.jpg,1,aigc_bench_ext,StyleGAN2
corpora/aigc_bench_ext/images/StyleGAN2/ood_0012010.jpg,1,aigc_bench_ext,StyleGAN2
corpora/aigc_bench_ext/images/StyleGAN2/ood_0012042.jpg,1,aigc_bench_ext,StyleGAN2
corpora/aigc_bench_ext/images/StyleGAN2/ood_0012074.jpg,1,aigc_bench_ext,StyleGAN2
corpora/aigc_bench_ext/images/StyleGAN2/ood_0012106.jpg,1,aigc_bench_ext,StyleGAN2
corpora/aigc_bench_ext/images/StyleGAN2/ood_0012138.jpg,1,aigc_bench_ext,StyleGAN2
corpora/aigc_bench_ext/images/StyleGAN2/ood_0012170.jpg,1,aigc_bench_ext,StyleGAN2
corpora/aigc_bench_ext/images/StyleGAN2/ood_0012202.jpg,1,aigc_bench_ext,StyleGAN2
corpora/aigc_bench_ext/images/StyleGAN2/ood_0012234.jpg,1,aigc_bench_ext,StyleGAN2
corpora/aigc_bench_ext/images/StyleGAN2/ood_0012266.jpg,1,aigc_bench_ext,StyleGAN2
corpora/aigc_bench_ext/images/StyleGAN2/ood_0012298.jpg,1,aigc_bench_ext,StyleGAN2
corpora/aigc_bench_ext/images/StyleGAN2/ood_0012330.jpg,1,aigc_bench_ext,StyleGAN2
corpora/aigc_bench_ext/images/StyleGAN2/ood_0012362.jpg,1,aigc_bench_ext,StyleGAN2
corpora/aigc_bench_ext/images/StyleGAN2/ood_0012394.jpg,1,aigc_bench_ext,StyleGAN2
corpora/aigc_bench_ext/images/StyleGAN2/ood_0012426.jpg,1,aigc_bench_ext,StyleGAN2
corpora/aigc_bench_ext/images/StyleGAN2/ood_0012458.jpg,1,aigc_bench_ext,StyleGAN2
corpora/aigc_bench_ext/images/StyleGAN2/ood_0012490.jpg,1,aigc_bench_ext,StyleGAN2
corpora/aigc_bench_ext/images/StyleGAN2/ood_0012522.jpg,1,aigc_bench_ext,StyleGAN2
corpora/aigc_bench_ext/images/StyleGAN2/ood_0012554.jpg,1,aigc_bench_ext,StyleGAN2
corpora/aigc_bench_ext/images/StyleGAN2/ood_0012586.jpg,1,aigc_bench_ext,StyleGAN2
corpora/aigc_bench_ext/images/StyleGAN2/ood_0012618.jpg,1,aigc_bench_ext,StyleGAN2
corpora/aigc_bench_ext/images/StyleGAN2/ood_0012650.jpg,1,aigc_bench_ext,StyleGAN2
corpora/aigc_bench_ext/images/StyleGAN2/ood_0012682.jpg,1,aigc_bench_ext,StyleGAN2
corpora/aigc_bench_ext/images/StyleGAN2/ood_0012714.jpg,1,aigc_bench_ext,StyleGAN2
corpora/aigc_bench_ext/images/StyleGAN2/ood_0012746.jpg,1,aigc_bench_ext,StyleGAN2
corpora/aigc_bench_ext/images/StyleGAN2/ood_0012778.jpg,1,aigc_bench_ext,StyleGAN2
corpora/aigc_bench_ext/images/StyleGAN2/ood_0012810.jpg,1,aigc_bench_ext,StyleGAN2
corpora/aigc_bench_ext/images/StyleGAN2/ood_0012842.jpg,1,aigc_bench_ext,StyleGAN2
corpora/aigc_bench_ext/images/StyleGAN2/ood_0012874.jpg,1,aigc_bench_ext,StyleGAN2
corpora/aigc_bench_ext/images/StyleGAN2/ood_0012906.jpg,1,aigc_bench_ext,StyleGAN2
corpora/aigc_bench_ext/images/StyleGAN2/ood_0012938.jpg,1,aigc_bench_ext,StyleGAN2
corpora/aigc_bench_ext/images/StyleGAN2/ood_0012970.jpg,1,aigc_bench_ext,StyleGAN2
corpora/aigc_bench_ext/images/StyleGAN2/ood_0013002.jpg,1,aigc_bench_ext,StyleGAN2
corpora/aigc_bench_ext/images/StyleGAN2/ood_0013034.jpg,1,aigc_bench_ext,StyleGAN2
corpora/aigc_bench_ext/images/StyleGAN2/ood_0013066.jpg,1,aigc_bench_ext,StyleGAN2
corpora/aigc_bench_ext/images/StyleGAN2/ood_0013098.jpg,1,aigc_bench_ext,StyleGAN2
corpora/aigc_bench_ext/images/StyleGAN2/ood_0013130.jpg,1,aigc_bench_ext,StyleGAN2
corpora/aigc_bench_ext/images/StyleGAN2/ood_0013162.jpg,1,aigc_bench_ext,StyleGAN2
corpora/aigc_bench_ext/images/StyleGAN2/ood_0013194.jpg,1,aigc_bench_ext,StyleGAN2
corpora/aigc_bench_ext/images/StyleGAN2/ood_0013226.jpg,1,aigc_bench_ext,StyleGAN2
corpora/aigc_bench_ext/images/StyleGAN2/ood_0013258.jpg,1,aigc_bench_ext,StyleGAN2
corpora/aigc_bench_ext/images/StyleGAN2/ood_0013290.jpg,1,aigc_bench_ext,StyleGAN2
corpora/aigc_bench_ext/images/StyleGAN2/ood_0013322.jpg,1,aigc_bench_ext,StyleGAN2
corpora/aigc_bench_ext/images/StyleGAN2/ood_0013354.jpg,1,aigc_bench_ext,StyleGAN2
corpora/aigc_bench_ext/images/StyleGAN2/ood_0013386.jpg,1,aigc_bench_ext,StyleGAN2
corpora/aigc_bench_ext/images/StyleGAN2/ood_0013418.jpg,1,aigc_bench_ext,StyleGAN2
corpora/aigc_bench_ext/images/StyleGAN2/ood_0013450.jpg,1,aigc_bench_ext,StyleGAN2
corpora/aigc_bench_ext/images/StyleGAN2/ood_0013482.jpg,1,aigc_bench_ext,StyleGAN2
corpora/aigc_bench_ext/images/StyleGAN2/ood_0013514.jpg,1,aigc_bench_ext,StyleGAN2
corpora/aigc_bench_ext/images/StyleGAN2/ood_0013546.jpg,1,aigc_bench_ext,StyleGAN2
corpora/aigc_bench_ext/images/StyleGAN2/ood_0013578.jpg,1,aigc_bench_ext,StyleGAN2
corpora/aigc_bench_ext/images/StyleGAN2/ood_0013610.jpg,1,aigc_bench_ext,StyleGAN2
corpora/aigc_bench_ext/images/StyleGAN2/ood_0013642.jpg,1,aigc_bench_ext,StyleGAN2
corpora/aigc_bench_ext/images/StyleGAN2/ood_0013674.jpg,1,aigc_bench_ext,StyleGAN2
corpora/aigc_bench_ext/images/StyleGAN2/ood_0013706.jpg,1,aigc_bench_ext,StyleGAN2
corpora/aigc_bench_ext/images/StyleGAN2/ood_0013738.jpg,1,aigc_bench_ext,StyleGAN2
corpora/aigc_bench_ext/images/StyleGAN2/ood_0013770.jpg,1,aigc_bench_ext,StyleGAN2
corpora/aigc_bench_ext/images/StyleGAN2/ood_0013802.jpg,1,aigc_bench_ext,StyleGAN2
corpora/aigc_bench_ext/images/StyleGAN2/ood_0013834.jpg,1,aigc_bench_ext,StyleGAN2
corpora/aigc_bench_ext/images/StyleGAN2/ood_0013866.jpg,1,aigc_bench_ext,StyleGAN2
corpora/aigc_bench_ext/images/StyleGAN2/ood_0013898.jpg,1,aigc_bench_ext,StyleGAN2
corpora/aigc_bench_ext/images/StyleGAN2/ood_0013930.jpg,1,aigc_bench_ext,StyleGAN2
corpora/aigc_bench_ext/images/StyleGAN2/ood_0013962.jpg,1,aigc_bench_ext,StyleGAN2
corpora/aigc_bench_ext/images/StyleGAN2/ood_0013994.jpg,1,aigc_bench_ext,StyleGAN2
corpora/aigc_bench_ext/images/StyleGAN2/ood_0014026.jpg,1,aigc_bench_ext,StyleGAN2
corpora/aigc_bench_ext/images/StyleGAN2/ood_0014058.jpg,1,aigc_bench_ext,StyleGAN2
corpora/aigc_bench_ext/images/StyleGAN2/ood_0014090.jpg,1,aigc_bench_ext,StyleGAN2
corpora/aigc_bench_ext/images/StyleGAN2/ood_0014122.jpg,1,aigc_bench_ext,StyleGAN2
corpora/aigc_bench_ext/images/StyleGAN2/ood_0014154.jpg,1,aigc_bench_ext,StyleGAN2
corpora/aigc_bench_ext/images/StyleGAN2/ood_0014186.jpg,1,aigc_bench_ext,StyleGAN2
corpora/aigc_bench_ext/images/StyleGAN2/ood_0014218.jpg,1,aigc_bench_ext,StyleGAN2
corpora/aigc_bench_ext/images/StyleGAN2/ood_0014250.jpg,1,aigc_bench_ext,StyleGAN2
corpora/aigc_bench_ext/images/StyleGAN2/ood_0014282.jpg,1,aigc_bench_ext,StyleGAN2
corpora/aigc_bench_ext/images/StyleGAN2/ood_0014314.jpg,1,aigc_bench_ext,StyleGAN2
corpora/aigc_bench_ext/images/StyleGAN2/ood_0014346.jpg,1,aigc_bench_ext,StyleGAN2
corpora/aigc_bench_ext/images/StyleGAN2/ood_0014378.jpg,1,aigc_bench_ext,StyleGAN2
corpora/aigc_bench_ext/images/StyleGAN2/ood_0014410.jpg,1,aigc_bench_ext,StyleGAN2
corpora/aigc_bench_ext/images/StyleGAN2/ood_0014442.jpg,1,aigc_bench_ext,StyleGAN2
corpora/aigc_bench_ext/images/StyleGAN2/ood_0014474.jpg,1,aigc_bench_ext,StyleGAN2
corpora/aigc_bench_ext/images/StyleGAN2/ood_0014506.jpg,1,aigc_bench_ext,StyleGAN2
corpora/aigc_bench_ext/images/StyleGAN2/ood_0014538.jpg,1,aigc_bench_ext,StyleGAN2
corpora/aigc_bench_ext/images/StyleGAN2/ood_0014570.jpg,1,aigc_bench_ext,StyleGAN2
corpora/aigc_bench_ext/images/StyleGAN2/ood_0014602.jpg,1,aigc_bench_ext,StyleGAN2
corpora/aigc_bench_ext/images/StyleGAN2/ood_0014634.jpg,1,aigc_bench_ext,StyleGAN2
corpora/aigc_bench_ext/images/StyleGAN2/ood_0014666.jpg,1,aigc_bench_ext,StyleGAN2
corpora/aigc_bench_ext/images/StyleGAN2/ood_0014698.jpg,1,aigc_bench_ext,StyleGAN2
corpora/aigc_bench_ext/images/StyleGAN2/ood_0014730.jpg,1,aigc_bench_ext,StyleGAN2
corpora/aigc_bench_ext/images/StyleGAN2/ood_0014762.jpg,1,aigc_bench_ext,StyleGAN2
corpora/aigc_bench_ext/images/StyleGAN2/ood_0014794.jpg,1,aigc_bench_ext,StyleGAN2
corpora/aigc_bench_ext/images/StyleGAN2/ood_0014826.jpg,1,aigc_bench_ext,StyleGAN2
corpora/aigc_bench_ext/images/StyleGAN2/ood_0014858.jpg,1,aigc_bench_ext,StyleGAN2
corpora/aigc_bench_ext/images/StyleGAN2/ood_0014890.jpg,1,aigc_bench_ext,StyleGAN2
corpora/aigc_bench_ext/images/StyleGAN2/ood_0014922.jpg,1,aigc_bench_ext,StyleGAN2
corpora/aigc_bench_ext/images/StyleGAN2/ood_0014954.jpg,1,aigc_bench_ext,StyleGAN2
corpora/aigc_bench_ext/images/StyleGAN2/ood_0014986.jpg,1,aigc_bench_ext,StyleGAN2
corpora/aigc_bench_ext/images/StyleGAN2/ood_0015018.jpg,1,aigc_bench_ext,StyleGAN2
corpora/aigc_bench_ext/images/StyleGAN2/ood_0015050.jpg,1,aigc_bench_ext,StyleGAN2
corpora/aigc_bench_ext/images/StyleGAN2/ood_0015082.jpg,1,aigc_bench_ext,StyleGAN2
corpora/aigc_bench_ext/images/StyleGAN2/ood_0015114.jpg,1,aigc_bench_ext,StyleGAN2
corpora/aigc_bench_ext/images/StyleGAN2/ood_0015146.jpg,1,aigc_bench_ext,StyleGAN2
corpora/aigc_bench_ext/images/StyleGAN2/ood_0015178.jpg,1,aigc_bench_ext,StyleGAN2
corpora/aigc_bench_ext/images/StyleGAN2/ood_0015210.jpg,1,aigc_bench_ext,StyleGAN2
corpora/aigc_bench_ext/images/StyleGAN2/ood_0015242.jpg,1,aigc_bench_ext,StyleGAN2
corpora/aigc_bench_ext/images/StyleGAN2/ood_0015274.jpg,1,aigc_bench_ext,StyleGAN2
corpora/aigc_bench_ext/images/StyleGAN2/ood_0015306.jpg,1,aigc_bench_ext,StyleGAN2
corpora/aigc_bench_ext/images/StyleGAN2/ood_0015338.jpg,1,aigc_bench_ext,StyleGAN2
corpora/aigc_bench_ext/images/StyleGAN2/ood_0015370.jpg,1,aigc_bench_ext,StyleGAN2
corpora/aigc_bench_ext/images/StyleGAN2/ood_0015402.jpg,1,aigc_bench_ext,StyleGAN2
corpora/aigc_bench_ext/images/StyleGAN2/ood_0015434.jpg,1,aigc_bench_ext,StyleGAN2
corpora/aigc_bench_ext/images/StyleGAN2/ood_0015466.jpg,1,aigc_bench_ext,StyleGAN2
corpora/aigc_bench_ext/images/StyleGAN2/ood_0015498.jpg,1,aigc_bench_ext,StyleGAN2
corpora/aigc_bench_ext/images/StyleGAN2/ood_0015530.jpg,1,aigc_bench_ext,StyleGAN2
corpora/aigc_bench_ext/images/StyleGAN2/ood_0015562.jpg,1,aigc_bench_ext,StyleGAN2
corpora/aigc_bench_ext/images/StyleGAN2/ood_0015594.jpg,1,aigc_bench_ext,StyleGAN2
corpora/aigc_bench_ext/images/StyleGAN2/ood_0015626.jpg,1,aigc_bench_ext,StyleGAN2
corpora/aigc_bench_ext/images/StyleGAN2/ood_0015658.jpg,1,aigc_bench_ext,StyleGAN2
corpora/aigc_bench_ext/images/StyleGAN2/ood_0015690.jpg,1,aigc_bench_ext,StyleGAN2
corpora/aigc_bench_ext/images/StyleGAN2/ood_0015722.jpg,1,aigc_bench_ext,StyleGAN2
corpora/aigc_bench_ext/images/StyleGAN2/ood_0015754.jpg,1,aigc_bench_ext,StyleGAN2
corpora/aigc_bench_ext/images/StyleGAN2/ood_0015786.jpg,1,aigc_bench_ext,StyleGAN2
corpora/aigc_bench_ext/images/StyleGAN2/ood_0015818.jpg,1,aigc_bench_ext,StyleGAN2
corpora/aigc_bench_ext/images/StyleGAN2/ood_0015850.jpg,1,aigc_bench_ext,StyleGAN2
corpora/aigc_bench_ext/images/StyleGAN2/ood_0015882.jpg,1,aigc_bench_ext,StyleGAN2
corpora/aigc_bench_ext/images/StyleGAN2/ood_0015914.jpg,1,aigc_bench_ext,StyleGAN2
corpora/aigc_bench_ext/images/StyleGAN2/ood_0015946.jpg,1,aigc_bench_ext,StyleGAN2
corpora/aigc_bench_ext/images/StyleGAN2/ood_0015978.jpg,1,aigc_bench_ext,StyleGAN2
corpora/aigc_bench_ext/images/StyleGAN2/ood_0016010.jpg,1,aigc_bench_ext,StyleGAN2
corpora/aigc_bench_ext/images/StyleGAN2/ood_0016042.jpg,1,aigc_bench_ext,StyleGAN2
corpora/aigc_bench_ext/images/StyleGAN2/ood_0016074.jpg,1,aigc_bench_ext,StyleGAN2
corpora/aigc_bench_ext/images/StyleGAN2/ood_0016106.jpg,1,aigc_bench_ext,StyleGAN2
corpora/aigc_bench_ext/images/StyleGAN2/ood_0016138.jpg,1,aigc_bench_ext,StyleGAN2
corpora/aigc_bench_ext/images/StyleGAN2/ood_0016170.jpg,1,aigc_bench_ext,StyleGAN2
corpora/aigc_bench_ext/images/StyleGAN2/ood_0016202.jpg,1,aigc_bench_ext,StyleGAN2
corpora/aigc_bench_ext/images/StyleGAN2/ood_0016234.jpg,1,aigc_bench_ext,StyleGAN2
corpora/aigc_bench_ext/images/StyleGAN2/ood_0016266.jpg,1,aigc_bench_ext,StyleGAN2
corpora/aigc_bench_ext/images/StyleGAN2/ood_0016298.jpg,1,aigc_bench_ext,StyleGAN2
corpora/aigc_bench_ext/images/StyleGAN2/ood_0016330.jpg,1,aigc_bench_ext,StyleGAN2
corpora/aigc_bench_ext/images/StyleGAN2/ood_0016362.jpg,1,aigc_bench_ext,StyleGAN2
corpora/aigc_bench_ext/images/StyleGAN2/ood_0016394.jpg,1,aigc_bench_ext,StyleGAN2
corpora/aigc_bench_ext/images/StyleGAN2/ood_0016426.jpg,1,aigc_bench_ext,StyleGAN2
corpora/aigc_bench_ext/images/StyleGAN2/ood_0016458.jpg,1,aigc_bench_ext,StyleGAN2
corpora/aigc_bench_ext/images/StyleGAN2/ood_0016490.jpg,1,aigc_bench_ext,StyleGAN2
corpora/aigc_bench_ext/images/StyleGAN2/ood_0016522.jpg,1,aigc_bench_ext,StyleGAN2
corpora/aigc_bench_ext/images/StyleGAN2/ood_0016554.jpg,1,aigc_bench_ext,StyleGAN2
corpora/aigc_bench_ext/images/StyleGAN2/ood_0016586.jpg,1,aigc_bench_ext,StyleGAN2
corpora/aigc_bench_ext/images/StyleGAN2/ood_0016618.jpg,1,aigc_bench_ext,StyleGAN2
corpora/aigc_bench_ext/images/StyleGAN2/ood_0016650.jpg,1,aigc_bench_ext,StyleGAN2
corpora/aigc_bench_ext/images/StyleGAN2/ood_0016682.jpg,1,aigc_bench_ext,StyleGAN2
corpora/aigc_bench_ext/images/StyleGAN2/ood_0016714.jpg,1,aigc_bench_ext,StyleGAN2
corpora/aigc_bench_ext/images/StyleGAN2/ood_0016746.jpg,1,aigc_bench_ext,StyleGAN2
corpora/aigc_bench_ext/images/StyleGAN2/ood_0016778.jpg,1,aigc_bench_ext,StyleGAN2
corpora/aigc_bench_ext/images/StyleGAN2/ood_0016810.jpg,1,aigc_bench_ext,StyleGAN2
corpora/aigc_bench_ext/images/StyleGAN2/ood_0016842.jpg,1,aigc_bench_ext,StyleGAN2
corpora/aigc_bench_ext/images/StyleGAN2/ood_0016874.jpg,1,aigc_bench_ext,StyleGAN2
corpora/aigc_bench_ext/images/StyleGAN2/ood_0016906.jpg,1,aigc_bench_ext,StyleGAN2
corpora/aigc_bench_ext/images/StyleGAN2/ood_0016938.jpg,1,aigc_bench_ext,StyleGAN2
corpora/aigc_bench_ext/images/StyleGAN2/ood_0016970.jpg,1,aigc_bench_ext,StyleGAN2
corpora/aigc_bench_ext/images/StyleGAN2/ood_0017002.jpg,1,aigc_bench_ext,StyleGAN2
corpora/aigc_bench_ext/images/StyleGAN2/ood_0017034.jpg,1,aigc_bench_ext,StyleGAN2
corpora/aigc_bench_ext/images/StyleGAN2/ood_0017066.jpg,1,aigc_bench_ext,StyleGAN2
corpora/aigc_bench_ext/images/StyleGAN2/ood_0017098.jpg,1,aigc_bench_ext,StyleGAN2
corpora/aigc_bench_ext/images/StyleGAN2/ood_0017130.jpg,1,aigc_bench_ext,StyleGAN2
corpora/aigc_bench_ext/images/StyleGAN2/ood_0017162.jpg,1,aigc_bench_ext,StyleGAN2
corpora/aigc_bench_ext/images/StyleGAN2/ood_0017194.jpg,1,aigc_bench_ext,StyleGAN2
corpora/aigc_bench_ext/images/StyleGAN2/ood_0017226.jpg,1,aigc_bench_ext,StyleGAN2
corpora/aigc_bench_ext/images/StyleGAN2/ood_0017258.jpg,1,aigc_bench_ext,StyleGAN2
corpora/aigc_bench_ext/images/StyleGAN2/ood_0017290.jpg,1,aigc_bench_ext,StyleGAN2
corpora/aigc_bench_ext/images/StyleGAN2/ood_0017322.jpg,1,aigc_bench_ext,StyleGAN2
corpora/aigc_bench_ext/images/StyleGAN2/ood_0017354.jpg,1,aigc_bench_ext,StyleGAN2
corpora/aigc_bench_ext/images/StyleGAN2/ood_0017386.jpg,1,aigc_bench_ext,StyleGAN2
corpora/aigc_bench_ext/images/StyleGAN2/ood_0017418.jpg,1,aigc_bench_ext,StyleGAN2
corpora/aigc_bench_ext/images/StyleGAN2/ood_0017450.jpg,1,aigc_bench_ext,StyleGAN2
corpora/aigc_bench_ext/images/StyleGAN2/ood_0017482.jpg,1,aigc_bench_ext,StyleGAN2
corpora/aigc_bench_ext/images/StyleGAN2/ood_0017514.jpg,1,aigc_bench_ext,StyleGAN2
corpora/aigc_bench_ext/images/StyleGAN2/ood_0017546.jpg,1,aigc_bench_ext,StyleGAN2
corpora/aigc_bench_ext/images/StyleGAN2/ood_0017578.jpg,1,aigc_bench_ext,StyleGAN2
corpora/aigc_bench_ext/images/StyleGAN2/ood_0017610.jpg,1,aigc_bench_ext,StyleGAN2
corpora/aigc_bench_ext/images/StyleGAN2/ood_0017642.jpg,1,aigc_bench_ext,StyleGAN2
corpora/aigc_bench_ext/images/StyleGAN2/ood_0017674.jpg,1,aigc_bench_ext,StyleGAN2
corpora/aigc_bench_ext/images/StyleGAN2/ood_0017706.jpg,1,aigc_bench_ext,StyleGAN2
corpora/aigc_bench_ext/images/StyleGAN2/ood_0017738.jpg,1,aigc_bench_ext,StyleGAN2
corpora/aigc_bench_ext/images/StyleGAN2/ood_0017770.jpg,1,aigc_bench_ext,StyleGAN2
corpora/aigc_bench_ext/images/StyleGAN2/ood_0017802.jpg,1,aigc_bench_ext,StyleGAN2
corpora/aigc_bench_ext/images/StyleGAN2/ood_0017834.jpg,1,aigc_bench_ext,StyleGAN2
corpora/aigc_bench_ext/images/StyleGAN2/ood_0017866.jpg,1,aigc_bench_ext,StyleGAN2
corpora/aigc_bench_ext/images/StyleGAN2/ood_0017898.jpg,1,aigc_bench_ext,StyleGAN2
corpora/aigc_bench_ext/images/StyleGAN2/ood_0017930.jpg,1,aigc_bench_ext,StyleGAN2
corpora/aigc_bench_ext/images/StyleGAN2/ood_0017962.jpg,1,aigc_bench_ext,StyleGAN2
corpora/aigc_bench_ext/images/StyleGAN2/ood_0017994.jpg,1,aigc_bench_ext,StyleGAN2
corpora/aigc_bench_ext/images/StyleGAN2/ood_0018026.jpg,1,aigc_bench_ext,StyleGAN2
corpora/aigc_bench_ext/images/StyleGAN2/ood_0018058.jpg,1,aigc_bench_ext,StyleGAN2
corpora/aigc_bench_ext/images/StyleGAN2/ood_0018090.jpg,1,aigc_bench_ext,StyleGAN2
corpora/aigc_bench_ext/images/StyleGAN2/ood_0018122.jpg,1,aigc_bench_ext,StyleGAN2
corpora/aigc_bench_ext/images/StyleGAN2/ood_0018154.jpg,1,aigc_bench_ext,StyleGAN2
corpora/aigc_bench_ext/images/StyleGAN2/ood_0018186.jpg,1,aigc_bench_ext,StyleGAN2
corpora/aigc_bench_ext/images/StyleGAN2/ood_0018218.jpg,1,aigc_bench_ext,StyleGAN2
corpora/aigc_bench_ext/images/StyleGAN2/ood_0018250.jpg,1,aigc_bench_ext,StyleGAN2
corpora/aigc_bench_ext/images/StyleGAN2/ood_0018282.jpg,1,aigc_bench_ext,StyleGAN2
corpora/aigc_bench_ext/images/StyleGAN2/ood_0018314.jpg,1,aigc_bench_ext,StyleGAN2
corpora/aigc_bench_ext/images/StyleGAN2/ood_0018346.jpg,1,aigc_bench_ext,StyleGAN2
corpora/aigc_bench_ext/images/StyleGAN2/ood_0018378.jpg,1,aigc_bench_ext,StyleGAN2
corpora/aigc_bench_ext/images/StyleGAN2/ood_0018410.jpg,1,aigc_bench_ext,StyleGAN2
corpora/aigc_bench_ext/images/StyleGAN2/ood_0018442.jpg,1,aigc_bench_ext,StyleGAN2
corpora/aigc_bench_ext/images/StyleGAN2/ood_0018474.jpg,1,aigc_bench_ext,StyleGAN2
corpora/aigc_bench_ext/images/StyleGAN2/ood_0018506.jpg,1,aigc_bench_ext,StyleGAN2
corpora/aigc_bench_ext/images/StyleGAN2/ood_0018538.jpg,1,aigc_bench_ext,StyleGAN2
corpora/aigc_bench_ext/images/StyleGAN2/ood_0018570.jpg,1,aigc_bench_ext,StyleGAN2
corpora/aigc_bench_ext/images/StyleGAN2/ood_0018602.jpg,1,aigc_bench_ext,StyleGAN2
corpora/aigc_bench_ext/images/StyleGAN2/ood_0018634.jpg,1,aigc_bench_ext,StyleGAN2
corpora/aigc_bench_ext/images/StyleGAN2/ood_0018666.jpg,1,aigc_bench_ext,StyleGAN2
corpora/aigc_bench_ext/images/StyleGAN2/ood_0018698.jpg,1,aigc_bench_ext,StyleGAN2
corpora/aigc_bench_ext/images/StyleGAN2/ood_0018730.jpg,1,aigc_bench_ext,StyleGAN2
